-1.8897
0.5272
-1.3683
-1.7219
0.126
-0.1471
0.0174
-1.7527
-1.2468
-0.5128
1.9219
-1.425
0.4289
0.7245
1.4088
1.034
-0.2038
-1.6086
1.5679
-0.9262
-0.6736
-0.4516
0.3645
-0.5548
1.3
-0.4136
-0.7811
0.4912
1.4726
-0.0342
-0.5399
-0.7048
0.7238
-0.2638
-1.4685
0.9861
-0.0223
1.13
0.0127
0.2495
0.22
1.5773
0.542
0.7155
0.5903
0.1738
0.6071
-0.3862
-0.0307
0.6378
-0.8184
0.9232
-0.703
-0.508
-1.0759
-0.4716
1.3611
1.2809
-0.2609
-0.2482
-1.1097
-0.2956
-0.5597
0.0913
-0.321
0.1791
0.0482
-0.3593
-0.1711
1.173
0.8177
-1.027
0.755
-0.1904
0.142
-0.8489
-0.2128
-0.9153
0.9997
-1.7656
1.9044
0.336
0.4144
-0.065
1.2168
1.6713
-0.7227
0.9374
0.5055
-0.4411
-0.6776
-0.6853
-0.4293
1.549
-1.5719
-0.7494
-0.124
0.1019
0.8757
0.5075
0.0536
-0.1431
1.3534
-0.3411
-0.9194
-1.0541
0.8152
0.726
0.2006
0.254
-1.0364
0.2706
1.267
-0.1488
-0.7655
-0.3981
0.2945
-0.0496
-0.3982
0.4253
-0.495
0.5025
0.0862
-1.3575
0.9513
-0.5059
1.4394
-0.4814
0.1636
-0.9412
-1.9478
-0.8948
-1.0636
0.8147
0.2415
-0.2651
1.4854
2.2247
-0.5066
0.3865
-0.4349
0.1314
-0.9059
0.7019
-0.1158
1.3858
1.7026
-0.7014
1.4421
0.5835
1.1401
2.1327
2.1517
0.5378
-3.2068
-1.3086
0.5561
-0.1684
-0.8662
-1.104
1.3927
0.5968
0.2508
-0.1562
-0.7327
2.0091
0.3037
-1.0485
-0.8387
0.5653
-0.8082
-1.0833
0.4992
-1.2956
-0.7883
1.1468
0.7811
0.4689
-0.8737
-0.0049
-0.3952
-1.488
0.7381
1.0642
-1.1748
-0.2372
-0.0232
0.0212
0.0515
0.54
-0.5759
-0.2392
0.3537
-1.4958
-0.015
0.8328
0.8952
0.5159
-0.164
-1.3355
-0.3835
0.2954
-0.3797
0.1688
2.0623
-0.8462
2.708
0.9124
0.916
1.2131
0.246
0.9701
1.9881
-0.2994
0.3759
0.6007
2.1245
1.0221
0.6929
0.85
1.1388
-0.9385
-1.6659
1.1117
-0.6869
-0.8019
-0.4831
0.3031
-2.2829
-2.6496
0.0526
-0.8469
-0.7308
-1.3595
0.2701
-0.6338
0.3322
-0.6292
-0.1234
-0.9096
0.3552
1.3019
0.471
-1.4697
-0.4529
-0.1627
-0.516
0.5073
0.5138
0.2208
-0.6414
-0.3342
-1.3592
1.0968
0.5614
0.1637
0.267
-1.1312
0.013
-1.0874
-0.88
-0.2715
-1.3583
0.4363
1.8482
0.5753
-2.1056
0.48
0.2037
1.8105
3.4945
-0.8067
1.3397
0.1919
-0.8448
-0.9863
-1.592
-0.1148
-1.1191
-0.3176
1.3092
-0.5592
-0.3281
0.4016
0.7035
0.6059
-0.8869
-0.2494
0.6719
2.3878
-0.3583
-1.2235
0.0152
-1.2948
1.4503
-1.1942
1.8738
0.5435
-0.8976
0.4296
-0.6062
-0.8824
0.6868
0.5872
-0.0193
0.4928
0.7064
-0.7913
0.4876
-0.1066
1.1534
3.8749
-0.6397
-1.3735
0.248
-0.2727
-0.7117
0.7381
1.4283
-0.1379
-1.0066
1.393
0.092
-1.2396
-2.095
0.3683
0.7953
-2.1732
-0.9347
-0.0183
0.5084
-0.9075
-0.7094
1.2232
0.2649
0.341
-0.6537
-0.6018
-0.1643
0.4155
0.9836
1.2461
0.3186
-2.0848
0.9934
-0.0619
-1.947
-1.2737
-0.5398
-1.1112
1.1367
-1.9495
1.2569
0.7522
-0.6039
-0.8046
0.7024
-0.899
1.2093
-0.3536
1.8048
-2.3345
-0.2045
0.296
0.4466
0.6509
0.3407
0.1327
-0.2333
0.4165
-1.0351
1.1274
0.4974
1.9883
0.9327
2.4493
0.2053
0.623
0.7751
-0.0498
0.5881
0.0777
1.0824
-0.1616
-0.2289
-0.6249
-0.7889
-0.7901
0.105
-0.2663
0.6449
-0.2864
1.6684
0.2006
0.3849
-0.5076
0.1335
2.0224
4.1981
-0.9014
-0.8638
-0.6249
-1.4898
-0.23
-0.8125
-1.4788
0.9426
0.7404
0.2804
0.4024
-0.7905
0.6997
0.6292
0.7269
-1.9763
1.085
0.9276
-0.862
-0.4518
-0.956
-0.5892
-0.1557
0.0884
0.7162
1.4717
0.0186
-0.48
-1.1898
0.5493
1.2443
-0.3198
0.133
2.2821
-1.4144
-0.4625
1.7721
-1.1252
-0.9407
-0.5988
0.3428
-1.5287
1.2238
-1.6906
-0.254
-1.0582
1.1401
-0.6388
-0.0394
-1.2019
-0.1141
-2.6617
0.9481
0.9944
-0.3254
-2.0741
0.0065
-1.4239
-1.5248
-1.2623
-1.4275
0.2735
-0.6464
0.4474
1.6085
0.0771
-1.5663
0.469
0.0468
-0.4837
-1.5362
-0.5876
-0.3088
-1.3097
0.0153
-0.7275
-0.2311
-0.3366
0.5696
1.5349
-0.2085
-0.4735
0.6226
1.489
-0.0823
-2.8202
0.6571
-0.263
-0.7379
-1.581
-0.2284
-1.9719
-0.3012
2.62
0.4675
-0.687
-0.6003
-0.9231
0.5099
0.8952
0.1061
-0.9165
-1.8077
-1.7821
-0.7866
-0.9368
-0.9214
0.1854
-1.7299
0.8406
1.2729
0.875
-0.4385
-1.3058
-0.2316
-1.003
-0.8591
0.1427
0.9567
0.6073
0.38
-0.2429
-1.2895
2.4248
0.0803
0.4829
-0.5419
-0.6279
0.2857
-0.5666
-1.3484
1.6868
0.0488
-0.7242
-1.4191
-0.5234
0.477
0.0851
0.1063
0.2889
1.2957
-0.6846
-0.4494
-1.0788
0.0266
0.8749
0.7368
-1.6599
0.7791
0.2548
0.37
-0.1644
1.0005
0.3454
0.2866
0.2335
0.8022
-1.0778
1.6651
2.4826
1.0841
0.9579
0.472
1.2394
-0.1258
1.2748
-0.2083
0.1798
-0.1685
0.2365
-1.397
-0.5067
-0.1695
-0.4874
1.0724
0.1351
-0.0243
0.8508
0.7687
-0.7161
-0.5261
-0.459
0.8894
0.8203
0.3129
-0.5258
-0.1653
0.1508
0.1994
1.2838
-1.2438
-0.1717
0.3608
0.2457
-1.378
-1.2168
-1.755
-0.4184
1.2935
0.041
0.669
0.2407
-0.7623
0.203
-0.6543
1.6499
-1.8019
0.5887
0.2517
-0.7332
0.2331
-0.9256
1.0913
0.6995
-1.4611
0.4376
0.5441
1.3422
1.1642
0.5567
0.3896
0.23
-2.3727
1.3552
-1.8066
-0.2852
-0.0825
0.0177
-0.4588
-0.7227
-0.1725
1.4326
-0.9386
1.1315
-0.4502
-0.0027
-0.6217
-1.158
-0.2484
0.2769
1.6512
-0.2261
0.419
0.574
1.4425
0.6355
1.4741
-0.2839
-0.9756
-0.535
-0.9413
0.6133
-0.6258
0.3643
1.4925
-1.2894
0.3212
0.0812
-0.5496
-1.0791
0.4134
0.2458
0.8278
-2.1929
0.799
1.0995
1.6317
0.1399
0.2517
-1.4547
0.9424
-0.0023
-1.415
0.8735
0.6562
-0.0984
-0.1026
-0.2021
0.745
-1.6011
-1.287
0.018
0.9389
1.6686
1.1686
1.0099
1.63
-0.1715
-0.9056
-2.388
0.5657
-1.3206
0.2561
0.6705
0.2253
-1.287
-0.9707
-1.0774
-1.3733
-0.8119
-0.3174
0.7372
0.8804
1.969
0.2164
0.1002
-0.327
-0.4618
0.204
1.6133
0.6331
-0.4208
-0.3924
-0.2109
-0.3649
1.1721
2.4238
-0.3716
1.3503
-0.274
-0.3085
-0.8311
-2.0054
0.3951
-0.527
1.4392
1.2197
-0.1987
-0.8398
2.263
-0.2862
0.7297
1.951
1.0185
1.6949
0.7265
1.4402
0.4293
-1.04
0.337
-1.5389
-0.3019
0.3945
-0.2289
0.0576
0.4477
0.6428
0.2844
0.3351
0.524
-0.7035
-0.4812
-0.6388
-1.7342
0.6371
0.9861
-0.8482
-0.701
-0.3895
0.6018
-0.6191
0.6074
0.4475
-1.1842
-0.0462
-1.1178
0.264
0.7139
0.9688
1.3129
1.0877
-1.5337
-1.0359
-0.18
-1.4979
0.1401
-1.0185
-0.6618
1.4643
0.3089
-0.6819
0.8549
1.5188
0.626
0.5052
-1.7106
0.6755
-0.8004
0.2069
1.6124
-1.6235
0.5342
1.4124
-1.3067
0.6553
-0.2885
2.3538
-1.2547
-0.6565
0.2479
-0.1086
-0.0308
-0.6279
-1.8681
-1.2243
0.3117
-2.4858
0.7244
-0.7094
0.6916
0.3368
1.1909
-0.3626
-0.2097
-0.3676
0.8448
0.5946
-1.498
-0.4186
0.5837
-0.6746
-0.2233
0.7775
-0.0723
1.3907
0.423
-0.9592
-0.7627
-1.1215
0.0052
0.1809
-0.3295
1.0295
-0.3244
-0.4125
-1.2676
-0.4064
-0.8071
-0.7822
-0.0241
0.4289
-0.2465
-0.4045
-1.8032
0.35
2.1584
0.6213
-0.3969
-0.9915
-0.3233
-0.5132
1.8156
-1.4706
0.22
-0.4869
1.7392
-0.6568
-2.2617
-0.0497
-0.7083
0.531
0.0054
-2.5345
0.0918
0.9623
1.0287
-1.0894
1.2026
0.3056
-1.2794
-0.6125
-0.0715
0.3936
-0.4535
-0.244
1.7077
-1.2283
2.3243
2.1464
-1.9586
0.5265
-0.928
0.156
1.8211
-0.2877
0.9645
0.6113
-0.7123
0.1197
0.3791
0.8276
-0.6648
0.0837
1.6443
2.7356
0.5788
-0.2902
1.2125
-2.2832
0.9594
0.3427
0.7951
0.2419
-1.3428
-1.5529
0.1089
0.5181
-1.7051
0.1284
-0.9784
0.5214
-0.4649
-0.1243
-0.2143
0.2451
0.3947
-0.0275
0.767
2.201
1.7305
-1.2744
0.5793
-0.2998
0.5078
0.4921
1.4729
-0.7849
-0.0977
0.1547
0.7867
0.1225
-0.2548
-0.3065
-0.5332
1.4279
0.3558
-1.3056
1.4375
-1.4719
-0.2186
-0.3121
2.4203
-0.3487
-0.476
0.2245
0.4058
0.1845
-0.6234
0.4782
-0.5602
-1.9987
-1.4222
-0.4168
0.6623
0.5215
0.3123
-1.2432
-0.1977
-0.8348
-0.1607
1.6136
1.0851
-0.5714
-0.8173
0.9954
-0.6626
-0.7882
0.0168
1.041
-0.4338
-0.0628
-0.8437
-0.251
0.4386
-0.8624
0.7446
-2.4081
-0.0602
0.7671
-1.08
-1.3563
0.8044
1.6817
1.1244
1.0326
0.2755
0.1106
-0.1571
2.6424
1.5149
-0.2305
0.3089
-0.6532
-0.1391
-1.136
0.5946
0.1634
-1.0047
-0.3075
0.0889
-0.6789
-0.053
-0.2442
0.5768
-1.0426
0.3152
-1.2005
-0.9053
-0.3828
-1.0066
3.1418
0.1185
0.9276
1.4348
0.3939
0.0777
0.2955
-0.8571
1.0113
-0.0816
2.0818
-0.0774
0.3513
0.0226
0.0227
-0.1977
0.4522
0.5012
-0.0111
0.1573
0.4717
1.9881
-1.9082
-0.8152
0.904
-0.7301
-0.0882
0.1159
0.2535
-0.4903
-0.7182
0.1906
1.0542
0.3213
1.2961
1.5881
0.5572
1.1197
-0.1971
0.3301
-1.4244
2.5959
-0.7331
-1.7224
1.1962
0.0255
2.1551
-0.5712
2.4964
0.4154
-0.7738
0.5216
2.3079
0.2692
0.3094
1.0172
2.2666
-0.4592
-0.3608
0.9806
0.622
-1.0236
-1.1507
-0.2008
-0.1763
-0.906
0.6436
-0.0334
0.2098
0.3274
0.6955
-0.0708
-0.1867
1.9697
-1.2904
-0.005
0.2729
-0.1832
0.6487
0.8271
1.2014
0.5994
0.0605
1.219
0.4318
0.7282
0.906
0.4266
-0.544
-1.2399
-0.5572
1.0186
0.0409
-0.9321
0.1126
-2.2734
-1.3119
1.5141
0.8224
0.3294
1.4603
-0.8282
-1.5358
-1.2016
0.6915
-0.0377
1.1924
-0.2672
2.4817
0.4519
1.1685
-0.3307
0.5762
0.8606
3.1692
-0.1716
0.7349
1.1514
-0.3674
1.4336
0.2542
1.3949
1.033
-1.4476
-0.356
0.9038
-0.8699
0.5234
0.3252
-0.6835
-1.6395
-0.4221
-0.4861
-0.9025
-1.2038
-0.1357
0.0397
1.5012
-1.4592
-0.1513
-0.8505
0.008
-0.3975
-1.5669
-0.04
-1.0229
0.0769
-0.8839
-0.263
1.3623
-1.051
-1.2726
-0.353
-0.9507
1.0871
0.3583
-0.8716
-0.5232
-0.8388
0.3874
1.2989
-0.0616
0.3813
2.6023
0.9076
-0.1955
0.61
0.4852
0.117
0.7176
1.2973
-0.4421
1.2539
-0.3755
-2.0221
0.2776
-0.0195
-0.5409
1.0069
-1.1514
-1.4614
0.7237
1.3701
-1.5382
0.2221
-0.6165
0.3296
-0.7001
-0.6391
-0.5764
0.8695
-0.5803
0.5582
0.3447
0.3432
0.9892
0.1718
0.1893
2.2807
-0.7289
-1.7754
0.0475
-1.823
0.5998
-0.9817
-1.2936
-0.9477
-0.0708
0.6463
-0.964
1.0565
-0.7076
-0.9723
-0.3828
-1.2003
0.617
-0.7207
1.336
1.1265
-0.6951
-0.6546
-0.4951
-0.3504
0.103
1.7011
0.4521
-1.0474
0.1545
-1.3724
-2.1553
0.8267
-2.4071
-0.2548
1.1594
1.1291
-0.2639
-0.209
0.9431
0.2009
0.2054
1.0135
-1.0644
-2.1365
-2.0065
-1.6157
1.9334
0.0752
0.1495
-0.1247
-0.0194
-0.5974
-0.6866
-0.9739
0.803
-1.0897
0.2669
-0.5323
2.2026
1.847
-0.7276
0.2244
-1.3315
1.2205
1.8742
-0.2944
0.9489
0.4314
0.1648
0.3854
0.2509
0.4842
0.2858
-0.481
1.7564
-0.5113
-0.5977
-0.0945
0.1735
0.1412
-0.5253
-0.8579
-0.6299
0.0861
-1.321
0.081
0.0447
1.4726
-1.9527
0.8481
1.1916
1.0121
0.272
-0.0788
2.0134
-0.3378
-0.0265
-1.5755
-1.8505
0.2088
-0.7521
0.3673
0.1655
-1.0707
1.7971
-0.8962
-0.6119
0.2853
1.044
-0.7764
-0.3151
-0.1422
0.2146
-0.6165
0.2202
1.7139
1.5226
1.7431
0.1162
-0.0873
-0.3907
0.2083
-0.6543
0.9323
-0.0587
-0.494
-2.4256
-0.4277
-0.7443
-0.1195
-0.3893
-0.6905
0.6348
-0.2895
0.0097
0.4677
0.19
-0.9351
1.1822
0.9753
-1.3514
-0.1093
0.038
0.7124
-1.3282
0.8388
-0.4639
-0.775
0.2271
-1.29
1.5528
-2.643
0.7784
-1.179
0.5499
-0.8043
0.6923
-1.1318
0.5912
0.5811
1.0436
-1.9103
-0.8997
-0.7909
0.0393
-0.7043
-0.4341
0.2975
0.6235
-2.458
1.2594
-0.7713
-1.0562
0.3501
1.2622
1.5767
0.7356
0.033
-0.6057
-1.0793
0.3285
1.3815
0.6489
-0.4654
1.2405
-0.4594
0.8913
1.9476
2.0177
0.1088
0.6343
0.1604
0.7686
0.3071
-1.2516
1.0211
0.3075
-0.935
-0.4526
0.0527
0.2819
1.3349
0.499
1.4976
0.4535
-0.0649
1.1564
3.1161
-1.8116
-1.5018
1.0084
1.7214
0.7591
-0.3282
-0.5284
-0.3589
-1.0908
0.3996
-0.5597
2.3223
-0.2959
0.6471
0.6468
-2.055
-0.2834
-0.0703
-0.0422
-1.5131
-0.6122
0.8172
0.3205
0.882
2.0905
0.5031
0.8185
-0.4174
0.1304
0.1768
0.2283
-0.1196
0.655
-1.6573
0.7728
-0.5518
1.6812
-0.2257
-0.4052
-0.1156
-0.6014
-1.6549
1.5873
-0.5994
0.2586
-0.7396
-0.0114
-0.1984
-0.3154
0.218
0.1878
-1.726
0.7193
1.0499
0.5451
-0.9755
-2.2874
-1.0675
-0.3129
1.7659
-0.1729
1.5662
-0.3836
-0.9912
-0.3517
-0.3944
-0.1863
-1.1569
-1.5224
-0.2255
-1.0588
-0.6561
0.4126
-0.0273
0.7154
2.3803
0.0504
-0.3913
-0.4156
0.3939
-0.0908
1.0631
0.7155
-1.1789
0.9525
-1.2925
0.7646
-0.0125
0.044
-1.3632
1.1158
0.153
0.0597
-0.1223
-0.1321
1.4548
-0.4981
0.4601
-0.2375
0.2824
0.5892
-2.378
2.0245
-0.1121
1.9733
0.3797
1.592
0.5191
-0.6376
0.273
-0.9164
1.2117
1.4764
1.5876
0.7332
-0.6259
0.1335
-0.2127
0.3505
-0.763
-0.6678
-2.0943
-1.6874
0.0442
-1.3511
1.2072
0.2426
0.2876
0.0773
-0.626
-0.2623
-0.7757
-0.6363
-0.0727
1.0654
0.9311
0.7198
0.509
0.2306
1.8354
-0.4104
-0.827
-0.6465
-0.843
-0.4701
0.4798
0.1188
-0.8085
0.1195
0.8007
0.5771
-0.5959
-1.1076
1.244
0.1033
-0.7674
-0.9741
0.21
-0.7908
0.6416
1.021
0.4887
1.6607
0.1459
0.5791
1.5153
-1.2103
-0.9895
1.1998
-0.2501
1.7908
0.8472
1.7135
-0.851
-0.2844
2.354
-0.6504
1.6572
-0.0513
0.7719
-0.3401
0.3117
-0.6765
-1.8858
-0.0594
0.4279
-1.5214
-1.2181
0.3938
-0.9517
0.4672
0.1677
0.5145
-0.3542
-1.0366
-0.5251
-1.843
0.2216
-0.6361
0.1476
1.4291
1.163
-0.2711
-1.0905
0.9968
0.1659
1.1127
-2.1462
1.6409
-2.0403
-1.5766
1.5503
0.6972
-1.2146
-0.1498
0.7195
-0.5967
0.8378
-0.4063
1.7795
-0.6418
-0.8451
-0.0482
-1.8367
-0.3349
1.1404
-0.775
-1.2872
-1.6393
-0.8785
2.0236
-0.6544
-0.2552
1.1934
0.2604
-0.4922
0.9306
0.6489
-0.0904
-1.9628
0.1146
1.4938
0.7024
-0.1492
-1.1962
0.5934
-1.4667
0.3934
0.0487
0.8569
1.221
-0.0723
1.9458
-0.2355
-2.0023
-1.2718
0.1263
-0.7635
0.6084
0.6653
0.1079
-0.1129
-1.3942
2.774
-0.5302
0.5627
-0.7435
0.2637
-0.5451
1.3506
0.7958
0.4255
-1.4234
0.3592
-0.5237
0.469
0.6304
-0.2002
-1.2104
0.5916
0.5199
-0.9785
0.4908
1.2466
-0.6709
0.6946
-1.6291
2.1
0.1858
-0.4478
0.008
1.4923
1.1556
0.4341
0.1862
1.3515
0.1761
1.1602
0.8074
1.1601
1.1124
-0.2908
-0.0139
0.0499
1.4128
-1.4742
0.6153
0.6784
0.4399
0.9423
0.6844
-1.3494
-0.7232
-0.8397
-0.4103
0.566
0.0553
0.3958
1.5107
-0.9515
-1.7684
-1.9321
-0.4411
-0.9577
-0.8305
-0.7743
1.156
1.5939
0.5691
-1.0219
-1.9185
0.0564
1.195
0.4888
1.9946
-0.9655
-1.3907
-0.9329
-0.3716
-1.8311
-0.1118
0.2746
-1.5705
0.915
-0.6456
1.2815
0.6806
-0.8736
1.0515
0.4532
1.4085
-0.1947
0.4485
-1.7628
-1.0298
-1.8398
0.1671
-0.4041
-0.0341
2.0874
-0.2987
1.6851
-0.2207
-2.0545
0.1883
0.6732
-0.3579
1.8978
1.475
-1.4407
-0.0969
1.7137
-0.3542
1.6381
0.3181
-0.1933
-0.7129
0.8127
-0.846
0.4619
2.1589
0.6442
1.4444
-0.3259
0.9145
-0.6137
-1.7259
-0.2971
-1.8049
-0.195
-0.0968
0.6464
-0.9953
-0.5339
-0.864
-0.2678
0.7865
-0.2415
2.0686
0.7165
0.431
0.3803
1.1741
1.1839
0.0195
0.8543
1.1486
-1.2089
1.3529
0.6195
-0.5967
-0.0842
0.5482
-0.8057
1.3436
-1.4364
1.233
0.319
-0.5633
-0.7763
-0.4382
1.2197
-0.0304
-0.733
-1.1167
-0.2502
0.9689
-0.58
1.3274
-1.547
-0.6312
-1.3567
-1.0911
0.8281
1.1435
-0.8866
-1.4668
-0.0458
-0.7865
0.3883
-1.1224
-0.6801
1.0452
0.5134
1.1015
0.0224
0.3893
-0.1176
-0.5013
-0.0721
-1.5549
-0.9157
-1.0255
0.534
-0.0934
-1.9855
0.5588
-0.7652
0.4821
-1.3541
-0.3584
-1.177
-0.1332
-0.6107
1.6781
0.2001
-0.2678
1.7481
0.8722
-1.2087
-0.8734
-0.2174
-2.9866
-1.7758
-1.1424
0.2185
-0.7192
-0.8251
-0.5356
0.4239
-0.3727
0.4001
-0.0489
-0.5747
0.2898
0.3249
-0.3432
0.1958
-0.4513
0.8166
-0.3747
1.0784
-1.0442
-0.3673
-1.4357
0.3981
-1.3962
-0.6151
-1.1994
0.3925
0.8724
0.6204
0.6305
1.3596
-0.9292
-0.906
-0.1596
-0.1302
-0.3251
1.1406
0.1329
1.3073
-1.8497
-0.6873
-0.8566
1.5532
-1.2195
-0.9916
-0.8285
-0.2108
3.5087
0.8798
0.374
-0.6446
0.0043
-1.1022
-0.6441
0.3736
0.1445
-0.0868
-0.8588
-0.1782
0.515
0.6481
-1.2009
-0.0642
-0.7677
1.3539
0.0796
1.8805
-0.7115
-1.01
-0.9263
0.6581
1.741
0.3299
-0.3306
1.1781
1.2534
2.4068
-0.4104
0.2418
1.2507
0.3219
0.3302
-0.5521
-0.6078
-0.1968
0.4767
1.3065
-0.7639
0.5226
-0.9731
1.0669
1.1215
-1.6951
0.1262
-0.9769
-0.8028
-1.3538
1.6522
1.5391
1.5676
-0.7355
0.613
-1.2066
3.206
1.627
-1.3465
-0.4625
0.2727
-0.7806
1.4146
0.3118
1.819
-1.6234
-0.3708
-0.6406
1.6813
-0.9745
-0.8519
-1.2647
-0.9889
0.5403
0.2123
1.3559
-0.1991
1.9207
1.0556
1.6627
-0.5036
-0.1592
0.1555
0.8136
-1.2708
0.343
-0.3791
0.0259
-1.2641
-0.2498
-0.4257
1.9243
-1.0801
-1.3123
-0.2161
1.3843
-1.0809
0.3279
-0.1359
0.3013
1.2517
-0.0959
-2.1169
1.3163
-0.7192
-0.3457
0.9214
-0.3482
0.055
-0.2544
-1.5318
1.3672
0.3401
0.9477
-0.8378
-0.2536
2.6489
2.1777
0.4551
-1.2502
1.5046
-1.5097
0.2277
-2.7369
-0.7281
1.6789
0.5755
-1.5552
0.7683
-1.5972
2.32
2.5164
0.1205
-1.8955
2.3248
1.3639
0.0272
1.3997
0.3778
0.4315
0.0691
-0.1413
0.5441
1.9095
1.6712
-0.0272
-0.1512
0.5911
0.9262
0.3966
-0.382
-0.5316
1.9727
0.6625
-0.7771
-1.4005
-0.0371
-0.3009
0.1858
2.0049
-0.8116
-0.9146
-0.4799
0.4607
1.1985
1.1383
-1.467
-0.3897
0.5375
-0.8106
-0.9879
1.5921
0.8623
2.447
-2.0354
0.5405
-0.4248
0.1303
-0.2905
-0.7516
-0.2706
0.7638
0.9001
-0.0483
-0.406
1.5168
0.0051
0.0653
2.0317
0.504
-0.3107
-0.198
-0.8134
0.1151
0.5955
-0.5273
-0.3973
1.3641
-1.1756
-0.3169
1.7123
0.4893
-1.5789
-1.773
0.0996
-1.5438
-0.838
-1.7626
2.1573
0.2085
1.6247
2.1036
-0.7882
0.712
-1.3041
1.277
-0.6624
0.421
1.5443
0.5715
-0.3205
1.0268
-1.2022
-2.0873
-0.1496
-0.984
-0.3606
0.9649
-0.6329
0.4228
0.0139
1.6623
1.7312
-0.2287
-0.3388
0.7695
1.2759
-0.4749
0.1465
-1.2914
-0.9251
0.4767
-1.0226
-0.5467
0.9708
0.3159
-2.7509
1.2637
0.7168
-0.7134
0.6425
-0.0751
-0.0359
-1.2588
-0.5004
0.1675
-1.3527
-0.6361
1.7532
-1.306
-0.8866
0.4637
-1.9174
0.9186
-0.6151
0.0749
1.2362
-0.7019
0.3193
0.9809
1.24
-1.4604
-1.0483
0.2847
-1.346
-0.6815
-2.345
-0.5799
0.6197
0.4506
-0.1612
1.5268
-1.2653
0.0627
-0.444
1.9208
1.4152
-1.277
0.3226
0.5328
0.1615
2.2236
0.2319
1.6899
0.0461
0.4641
1.159
1.468
-1.4247
1.1331
0.9228
0.9385
1.0272
0.2817
0.2701
-0.4833
0.0622
-0.2269
-0.1858
0.214
-0.2696
-0.7605
2.0805
-0.2053
0.0056
1.1786
1.7464
-0.5848
2.1696
1.2137
0.0685
-0.6917
1.0213
0.7274
0.301
-1.2181
-0.0985
0.6223
-1.3356
1.2982
-0.1237
-1.2626
-0.1177
-0.8959
0.4618
-1.0515
-0.7225
-0.6805
-0.8309
-0.0512
-0.1025
0.2599
1.4589
0.0311
1.1912
0.3997
-0.9422
-0.2765
0.5334
0.7655
0.1811
0.2821
-0.9737
0.222
0.0104
-0.7882
0.2683
-0.4391
0.5852
0.193
-1.42
0.3809
-0.2745
1.5696
-1.3077
-0.9862
1.3207
0.0061
-0.0644
-0.6576
0.5902
-0.3001
-1.4371
-0.7542
1.1804
-0.0273
-0.2103
-1.1532
-0.3693
0.9351
0.4511
0.714
-0.2821
-0.0488
-1.2537
-0.6581
1.7496
0.1309
-0.225
-1.5176
-0.7926
-0.3456
0.0155
-0.2533
-0.3395
0.7634
-0.7102
-0.4841
-0.0435
0.2739
0.3271
0.056
-0.2706
1.4824
0.6076
-2.9215
0.4636
-1.0336
-2.3567
0.3985
-0.4015
-1.1819
0.6918
0.989
-0.9189
-0.3147
-0.3449
-0.4271
1.7281
0.0806
0.7908
-1.7904
-0.4296
1.0801
-0.9402
1.096
0.3916
0.8844
1.0268
-0.0754
0.7792
-0.6516
-0.7189
-0.9655
0.4113
0.9571
0.378
-0.3118
-0.6767
1.1357
0.1596
0.5164
-0.5389
1.2689
0.1121
-2.2659
-0.7774
-0.2844
1.3538
-0.7258
1.1418
0.3489
-1.4315
0.1939
-1.3734
-1.1784
0.3748
1.0254
-0.5472
0.8559
0.6249
0.2323
1.5623
2.0341
0.1906
-1.1831
-0.5882
1.031
-0.1325
0.1259
-0.6722
-0.9416
-0.504
-1.5247
0.8999
-0.3445
-0.4291
0.7726
0.6909
0.5879
-0.9774
-1.4741
-1.2612
1.5599
0.4825
-0.6826
-0.7008
-0.7293
-1.2147
0.3896
0.3643
1.2407
-0.3914
0.4123
-1.1097
-0.9088
0.0999
2.9193
-0.502
-0.7716
-0.2019
-2.1899
-0.4536
-2.1624
0.1416
0.0923
2.4842
-3.8369
-0.0393
0.3201
1.6937
-0.7948
-0.044
1.8482
1.7498
0.301
1.1825
1.9838
-0.7498
0.2523
-0.6305
-1.4923
0.6069
1.1284
-0.6744
-0.2011
-0.635
-0.7284
-2.4588
0.1364
-2.3134
0.7351
0.33
-0.1151
-1.854
-1.0737
1.2714
0.553
1.1245
-1.6904
1.6976
0.8529
-1.257
1.361
0.1487
-1.6616
0.9635
-1.2597
0.1139
0.6161
0.5043
-0.1119
1.7167
-0.7407
1.6026
1.2887
-0.1576
-0.4922
-0.3826
-0.2903
-1.2346
-1.231
-0.5692
0.8448
0.2869
1.1654
1.7929
0.3118
-0.5437
-1.6101
-0.024
-0.8127
-0.5341
0.8551
-0.7155
-1.5183
-0.9219
1.6497
-1.1947
0.2316
1.7299
-2.6527
0.6981
1.0366
-1.878
-1.1546
-1.8996
-0.3023
-1.5497
-1.7977
1.0198
0.3193
-0.2618
-1.1787
-0.3556
0.2475
3.0905
0.037
-0.7863
-0.3375
-0.3005
-1.2964
-0.1731
-0.5074
-1.0245
-0.2089
-0.3049
-0.6458
1.0926
0.3307
0.2589
-1.3975
-0.1604
0.5573
1.3172
-1.1412
-2.1638
0.8402
0.0762
2.1697
1.0551
-0.2518
1.34
-0.3544
-0.0515
-0.1071
0.1303
-0.3948
0.1873
0.6539
0.1685
-1.092
-0.3247
-0.5191
0.7888
0.6298
0.1663
-1.2677
0.5744
0.4228
1.3227
1.245
0.1929
0.5944
1.7746
0.2979
0.1947
-1.6574
0.846
-1.32
-0.0909
0.6959
-0.3156
0.0032
-1.2713
1.0588
-0.4879
0.5345
-0.2469
1.3886
-0.1874
1.0146
0.7433
-0.3127
1.5785
-0.5483
0.7197
1.5994
-1.1669
-0.7508
-0.9672
-0.568
0.689
-0.4186
0.6075
-1.5051
0.6347
0.2304
0.1518
-1.3707
1.5332
-1.1216
-0.1955
0.5767
1.5043
0.3002
-0.5236
1.3493
-1.2737
0.441
-0.0851
0.2394
-0.3226
1.5028
-0.1672
1.1216
-1.946
0.458
-0.7825
-0.4918
1.1388
-1.9075
1.3699
0.4647
-1.215
-0.6919
-0.1972
0.1308
2.0014
0.3429
-0.7643
0.3059
0.0514
0.2932
0.0429
0.4492
-1.0438
-0.0407
1.7969
-0.0474
0.3951
-0.1279
-0.0616
-0.6832
0.296
0.2716
1.2926
0.1194
-1.4993
-0.8385
0.7237
0.4055
1.204
0.0226
2.1041
0.2191
-0.0871
0.4591
-1.007
-0.7681
1.5271
1.3572
0.045
-1.3023
2.154
0.1013
-1.2093
-1.1713
-0.8433
-0.6681
-0.3277
0.2309
0.0574
-0.7457
-2.1759
1.8327
0.3084
-0.4139
0.0424
-0.711
-0.1717
-0.0333
-0.9385
0.5595
-0.9253
-0.3764
-2.494
0.9443
0.6567
1.6805
0.3397
-0.1221
1.3644
-1.7213
1.3037
-0.7154
-1.6524
2.0176
0.2603
0.6128
-0.1756
-0.82
-1.1931
-1.5937
-0.908
0.1252
-0.7753
0.5531
2.6393
-0.9706
0.3283
0.5964
0.7676
-1.4026
1.5261
-1.3132
0.3325
0.1604
-0.1975
-1.3442
-0.1828
-0.3657
-1.0219
-1.2287
-0.3977
0.4257
0.7608
-0.6096
2.5014
-2.4312
1.2342
-0.0569
1.3481
-0.248
-0.0284
-0.7184
0.7863
0.9999
-1.0582
0.882
1.184
0.1003
0.21
-0.4301
-1.5417
0.6843
-0.7686
-0.1064
-1.6845
-1.118
-1.1136
-1.1172
-0.019
1.3989
-0.6157
0.0798
0.744
-0.0033
-0.5563
-1.1108
0.9485
-0.6364
-0.1305
0.6858
0.68
0.2674
0.3246
-0.18
-1.7908
0.5393
-0.7303
0.5079
-0.8234
1.1301
-1.9391
0.1858
1.6168
-0.1286
0.0506
-1.2229
0.961
-0.5402
-2.1127
0.3028
-0.5639
1.2772
1.339
0.547
-0.4774
-1.0739
1.6256
-0.1649
-1.0011
-2.7611
0.9897
0.546
-1.5919
-0.8219
-0.9215
0.3987
-0.4657
0.402
0.2061
-1.2167
0.7014
-1.3457
1.3924
-0.8158
-2.438
1.3175
-1.1409
0.62
0.4604
-0.2302
-0.6226
-0.1941
-1.0778
-0.3392
-1.6359
-0.4417
-0.5383
0.0041
-1.0875
0.7017
-0.4531
-0.8122
0.3754
-0.3362
-1.2699
-0.8115
-0.141
-1.2805
-0.3423
-0.7113
0.0649
1.9894
0.121
-0.6204
-0.9356
-2.0133
1.2908
0.0459
0.5638
-0.8507
0.025
0.1158
0.3287
-2.2376
0.5594
1.3512
-2.1112
0.1395
0.7985
0.2779
-0.873
-0.2617
1.2907
-0.5409
0.1033
-0.4967
-1.2902
-1.2087
0.9834
-0.5923
0.0381
-0.7888
1.594
0.7837
0.3507
0.864
1.7579
-0.1737
-0.3497
-0.0102
-1.238
-1.7601
1.5542
0.2849
-0.1207
0.1834
0.4767
-0.1341
1.4583
0.067
1.097
-0.515
-0.2101
1.0213
1.5159
-0.4882
-0.5986
1.4409
-0.6527
1.7562
-0.0579
0.8647
-0.6827
1.2995
0.2028
-1.8712
-1.6484
1.7695
-0.869
0.2085
1.6483
-0.4112
0.0804
-0.7327
-1.259
0.6331
1.0085
0.3613
0.588
-1.2486
-0.3772
2.7148
-0.908
1.1207
0.5707
-0.5988
1.0879
-0.2818
-1.063
0.6261
0.9163
0.2424
-1.1898
0.699
-0.1123
-0.0594
0.024
0.205
-0.6464
-1.286
-0.6178
0.2979
2.2654
-0.116
0.6527
2.0917
0.2959
-1.0582
-3.4966
-1.1888
1.296
-0.0905
-1.2112
-0.7914
-0.4204
1.1631
0.7282
0.0492
-0.2781
-1.2408
1.0632
0.6933
1.3078
0.4255
1.188
0.0288
-0.6835
1.0029
0.1784
-0.0415
-0.6111
0.5493
0.5992
0.9979
1.1395
1.0417
0.3152
0.0877
-0.9971
0.2323
-0.7885
-1.5784
2.3605
0.9711
-0.2885
-0.2313
1.7082
1.4354
0.64
-0.3271
-1.0887
-0.1905
1.7339
0.4565
-0.7814
0.3056
-0.8326
-0.4917
-3.2728
2.0731
1.1202
0.8473
-0.0314
-1.7294
0.1431
0.3299
0.9697
0.0763
0.1809
0.3829
-0.96
0.8134
-0.6201
-0.8936
0.5363
0.6704
0.6494
0.0658
-1.0488
0.1586
0.0201
0.6539
0.7825
0.3044
-1.0108
-1.0995
1.0619
0.4648
0.8749
0.2671
-0.0872
-1.2941
-0.8617
-0.5588
1.8625
-0.142
1.9705
-2.0802
-0.0376
-0.6795
-1.3593
0.8726
-0.2269
-0.9889
0.677
0.6236
-0.1447
-0.6195
1.3469
1.1207
-0.3654
0.0151
-1.115
-0.7798
-0.1642
-2.276
-0.7571
1.4317
0.0119
1.2867
-0.6522
0.2394
-1.0204
-0.8643
1.0051
-1.1753
-0.0566
-0.6916
-0.4599
1.1402
0.0559
1.8343
1.6184
1.1715
-0.8
0.3026
0.8906
1.6347
-0.3441
-0.1174
-0.7069
0.0668
-1.3304
1.5623
-0.0342
1.5656
-0.7139
0.3298
1.3806
-1.0968
0.6797
-0.637
-1.8622
0.0998
1.0436
-0.2253
-0.1432
-1.1286
0.2954
-0.3279
0.847
-2.3833
-0.5201
-0.9513
0.3751
2.6651
-0.7457
0.6919
-0.3922
0.6503
0.246
0.6162
0.2723
0.505
-1.6597
-0.0075
0.0033
0.9088
0.3867
-0.9519
-2.037
0.9254
-0.1246
-0.0325
-0.6333
1.0146
1.505
-0.4134
0.427
-0.8791
1.2248
1.2356
-0.0934
0.5467
-1.0603
1.0057
-1.2733
1.713
-0.0491
0.3191
-1.0544
-0.3257
-1.2896
-0.248
-1.7928
1.273
0.5766
0.6333
0.2756
-0.1737
-0.2457
0.0118
-0.7212
-0.3984
0.9464
0.2363
-2.8552
0.8131
0.8953
0.5594
-0.4638
0.7298
-0.4063
0.1106
-0.8869
-0.7965
-1.1871
-1.8493
1.7725
0.5754
-0.2916
-0.92
-1.6387
0.8461
0.425
0.6752
-0.5927
0.2167
1.2707
-0.8359
0.1497
-0.4443
0.0025
-0.4509
-0.2001
-0.2106
-1.1619
0.0298
0.0064
0.6019
-2.1601
0.9596
0.711
-0.3469
-2.4681
0.2154
1.5757
-1.7684
1.4715
1.0558
0.3396
0.9046
-0.8406
1.0283
-0.4563
0.7626
1.8
-1.1982
-0.8518
-0.3402
0.7879
-0.1218
-0.5538
-2.3032
0.0541
-1.078
1.4123
0.651
-0.5618
0.173
1.3888
2.8389
0.3931
-1.2884
-0.0327
-1.1527
0.1731
0.0282
1.5111
-1.0221
-0.3612
0.4951
-1.0843
-0.1576
-0.1021
1.3187
0.0689
-2.0162
1.2569
-0.187
1.6101
-1.0589
-0.719
0.1114
-1.6347
0.7884
-0.9202
-0.585
-0.5323
-1.5642
-0.4598
-1.6225
0.9094
-2.1693
-0.6488
0.6927
1.5131
0.6093
-0.7027
-1.3388
0.4266
-1.3466
-1.3459
0.4466
-0.5598
1.1846
0.3723
-1.7023
1.2183
-0.6412
-0.2151
-0.1656
-0.6004
0.2151
2.1489
-0.984
-0.228
0.4488
-0.5302
1.1047
0.1911
0.6853
-0.6552
0.5551
-0.865
1.4182
0.2521
-0.173
-1.8151
-1.1148
-0.9855
-1.7217
-0.94
0.1028
1.4601
0.2814
0.5088
1.1866
-0.1547
-2.8904
-0.6673
0.6576
1.3127
-1.2217
-2.4993
1.8662
-0.3989
0.379
1.0494
0.1835
0.1451
1.0315
-0.6086
-0.4541
-1.198
0.2305
1.4572
1.5819
-0.7156
-1.0416
-0.5566
0.7626
-0.9906
0.8411
-1.5564
0.0416
-0.3337
-0.4058
1.1893
-0.1159
-0.3371
-1.1513
0.9538
-1.7126
-1.1468
-0.8081
2.1088
-0.1304
-0.1474
0.4731
0.1897
0.3478
-0.9081
0.3975
-0.3336
1.1429
-0.1777
0.5375
-1.5002
-1.6804
-0.1168
-0.0776
0.9462
1.3598
1.0219
-1.343
0.3952
-1.4256
-0.7193
-1.3621
-0.0406
-1.7279
0.9046
1.8047
1.9592
-0.41
-0.1896
0.8066
-0.0358
0.4064
-0.427
1.4286
0.7221
1.4662
0.8795
-0.5431
-1.3615
1.343
-1.8077
1.0813
0.2659
-2.4552
-0.0321
1.6143
-0.1786
2.0533
1.6549
0.3394
0.3309
-0.7649
2.2669
-0.0726
0.7096
-0.3626
-1.599
2.3161
2.4945
-0.2282
-0.7801
0.1858
1.3924
-0.8655
0.3434
-0.9554
1.0505
1.6818
-0.4519
-0.3873
1.6389
0.5836
-0.4379
0.5424
-0.528
-0.3112
0.5456
0.5791
0.1368
1.5366
0.4874
1.3862
-0.6384
-0.4925
-0.9384
-0.7968
0.6211
0.8584
0.7719
-0.3615
-1.0545
-0.2366
1.0417
0.0323
1.1436
1.5888
0.3709
-1.6177
-1.5677
-0.8888
-0.8743
0.6885
2.1824
-0.294
1.1519
-0.454
0.5097
0.0799
0.6455
0.9017
1.2175
-0.0891
-0.6896
1.0429
1.007
0.35
-0.3452
-0.3227
-0.1369
0.7978
0.1975
-0.5879
-0.7471
-0.9107
0.3046
-1.7861
0.626
0.9718
-0.3899
-0.8003
-0.966
-1.1679
1.9615
0.5004
-1.3172
-0.6103
-1.1495
0.6969
1.554
-2.1594
0.5444
0.6388
-1.6319
0.4278
1.3642
1.3545
-1.0862
-1.8266
0.0287
1.1384
-0.8917
0.4188
-1.3486
0.5806
1.3122
0.0793
0.4904
0.3127
-0.048
-0.4185
1.1336
-0.563
-1.117
0.3249
0.1862
-0.3076
0.1084
0.6325
-0.6031
1.1534
0.5082
-1.1873
-0.8402
0.2109
1.3908
0.6511
1.0849
0.2889
0.406
-1.5197
0.3932
1.3056
0.9984
-0.3865
3.1451
0.6078
0.4103
0.335
-0.6929
1.4186
-0.5672
2.7175
-0.2415
0.0722
0.1665
-1.4345
-0.0096
0.2207
0.9755
-0.2846
1.4723
0.7921
-1.1247
0.0669
0.98
-1.1856
1.6981
-0.2245
-0.4548
-0.1397
-1.335
-0.2051
-0.5417
0.6311
-0.1699
0.4605
0.7107
0.4779
0.6459
-2.1215
1.3066
0.4395
0.2664
-0.3858
-1.8342
-1.4372
0.9513
-0.8605
-2.3899
-0.5539
-0.3862
0.4714
-1.7546
0.0124
0.3187
-0.9978
-0.7569
0.2377
1.6682
-1.0644
0.999
-0.4814
0.1504
0.3146
0.7537
0.4499
1.3141
-1.142
-0.2215
2.735
-1.7869
0.3534
-1.3828
-0.6118
0.3257
0.4295
1.1306
-0.1563
0.1563
0.5961
-0.318
0.446
0.0698
1.2143
0.7321
1.9373
0.6389
-0.6268
1.6789
0.7423
-0.125
-0.0853
0.0998
0.9082
0.213
0.3762
-0.5585
0.1999
0.7844
-0.5156
-0.0615
0.0568
-0.4125
0.6811
0.475
2.2166
1.1265
-0.1112
-0.6669
0.3275
-0.0063
-0.3911
0.9711
0.0197
-0.3682
-1.0115
-0.4986
0.1964
-0.2577
-0.7733
0.4171
0.6497
0.2794
-1.7357
-0.1503
0.5034
-1.5183
-1.2873
-0.2087
-0.0029
0.7376
0.5197
-0.9045
1.0868
0.0546
0.3527
-0.6928
-0.2469
-0.5717
0.3481
-0.9198
-0.9263
0.4867
0.8256
1.0494
0.9074
0.8904
0.7727
1.3824
0.5259
0.3738
-0.0279
-0.1473
0.7154
0.1513
-0.9976
-1.0664
-1.6816
-0.3689
-0.0228
0.5191
0.4623
-1.3825
-0.623
-0.2924
-0.7431
-0.6247
0.9373
-0.0307
0.8683
1.4245
0.4353
0.2132
-1.2386
0.0293
-1.7287
1.7513
-0.525
1.0513
-0.5379
-0.7429
-0.0263
-0.7612
-0.1268
-0.7499
-0.0609
0.5954
0.6945
-0.6533
-0.1551
-0.9597
0.5531
1.2405
0.9793
0.2662
-1.4572
1.3866
1.2582
0.6697
1.8345
0.2115
-1.1174
-0.2674
1.2111
0.2634
-1.1877
-0.8155
-0.5401
1.5583
-0.6655
0.238
-0.4758
0.6358
1.028
1.268
-0.1934
0.231
1.9968
-0.3772
-1.0888
1.3807
-1.1636
-0.0232
0.9794
0.4938
-0.2923
1.1576
-0.2007
2.8338
0.4686
0.6512
0.6869
-0.4517
1.6618
0.3697
-0.8747
0.0105
-0.6554
0.7637
-0.0939
-0.1157
-1.6143
-0.2654
1.2517
0.5127
0.3812
0.2916
-0.4171
-0.1142
0.1811
0.2673
-0.8662
-0.1095
-0.7408
-0.724
-0.4749
-1.1216
1.138
-0.5374
-0.5329
1.1323
-0.6179
-0.0848
-0.758
0.4349
-0.5418
-0.1675
0.1901
-0.7395
-0.4148
-0.4737
-0.3681
0.1489
0.0554
-0.5598
-1.0482
0.9089
-0.4948
0.1813
0.1392
-1.028
-0.6909
0.5035
-0.8821
0.7941
-1.8356
-1.67
-0.4753
-0.2458
-0.0126
-1.6675
-0.7113
1.4479
0.0063
0.4701
-1.9645
-1.2447
-1.7119
-0.7608
-0.7551
-1.1928
-0.2807
-0.8811
-1.0936
0.1838
0.086
-0.9291
-1.5853
-0.0201
1.6212
1.4519
-0.8814
1.5887
-0.0396
2.3824
0.4053
-0.4233
1.228
-1.2862
0.0231
-0.0035
0.3308
-0.0667
-2.3608
-0.0637
-0.8623
2.1228
0.15
-1.328
0.1756
1.208
0.1611
-0.0654
1.1189
-0.475
-0.5624
0.6744
-0.8878
0.0674
-0.009
-0.8287
0.4017
-1.4882
-0.2542
-0.2824
1.3421
-0.2318
0.5022
0.4638
-0.2867
0.8079
0.2248
1.4915
0.8903
0.2723
-1.5792
-0.4292
-0.7194
-0.8938
-0.1176
-1.5938
0.6885
1.7027
-0.6569
0.0577
2.5604
0.9483
0.736
1.9288
-1.5905
0.4428
-2.907
-0.4747
0.0956
-1.4717
-2.4527
-1.5482
0.3355
-0.1762
1.3575
0.6842
-1.4406
-0.181
-1.8593
-0.3957
0.6314
-0.4201
-0.6765
0.3282
0.2749
1.6602
-0.4907
0.5437
1.4421
-0.6177
-1.1856
-0.8936
-0.6614
-0.9899
-0.1291
0.6531
-1.1957
-0.0442
-0.6025
-0.5143
-0.4112
1.1071
0.6566
-1.1457
1.0646
1.3248
0.633
-0.3147
-1.5332
-0.7765
0.032
-1.4312
-0.4151
-0.7506
-1.3868
0.9059
0.9584
1.2109
0.6103
-0.4021
-0.9753
0.1307
0.722
-0.4807
-0.7205
1.1041
-0.8273
-0.5996
-0.5035
0.5731
0.8313
-1.2072
0.0885
0.8856
1.4363
-0.0261
1.9705
-0.8339
-0.252
0.0564
0.4683
-0.4385
0.4192
-0.1567
1.1807
1.4828
2.1707
-1.2928
0.351
-0.0564
-1.2996
-0.8442
0.0974
-0.3162
0.3302
-1.4098
-0.9357
0.193
0.8461
-0.3485
0.5539
0.6301
0.3443
0.5495
0.3297
0.1372
0.2905
0.6607
-1.0818
-0.5192
0.6906
-0.5673
0.4452
0.8905
0.7026
-0.4603
0.967
0.2031
-0.7788
1.1843
-0.8307
0.0639
1.2269
-1.7515
0.5728
1.0963
1.4315
-0.2329
-0.131
0.6679
-0.3622
0.2039
-0.3633
-0.4857
-0.8323
-0.5345
0.801
-2.3184
0.815
0.194
-1.1107
0.0368
0.1787
-0.0526
1.4293
-0.6623
-2.0827
0.8107
1.1078
-0.1569
0.4429
0.7672
1.7279
-0.1214
0.1202
-1.1212
-0.4184
0.0409
1.6929
0.1096
-1.9078
-2.3309
-0.7857
-0.0239
-0.5846
-0.7513
1.977
-0.0488
-0.0923
-0.6593
-1.5734
0.3854
-0.2502
-0.3684
0.08
-2.4817
1.5569
-0.0004
0.4751
-0.0495
2.0664
-0.0292
-0.4151
-0.0471
1.5162
0.4303
-1.1352
-1.3961
0.743
0.1375
1.6474
1.7377
0.1994
1.5295
-0.8889
0.3785
0.9988
0.3094
0.2145
-0.016
2.7812
-0.8037
-1.6742
0.9562
-0.1842
-1.5328
-0.8613
0.4932
1.0228
-2.0838
-0.2529
-0.6261
-0.3333
-0.7742
1.0082
0.7048
-0.0158
-0.1977
0.6195
-0.3744
1.4011
-0.6229
1.4057
1.0796
-1.4217
-0.452
-1.642
0.1109
0.2006
1.0506
-0.1826
-0.4195
0.381
0.4544
-0.3043
0.846
0.9692
0.0637
-0.2007
-0.4118
0.408
-0.4763
1.8652
0.9687
-0.5815
0.0836
-1.1849
-0.893
-0.1983
1.1132
1.4618
1.9388
0.0795
-0.302
-0.2539
-1.8763
0.6981
0.6562
0.6067
0.7715
1.0157
1.4236
1.8143
0.0622
-1.2916
0.7406
-0.6188
0.1148
-0.1522
1.0577
0.2553
-0.4616
-0.322
-0.7275
1.7386
0.302
-0.0826
0.7323
0.1322
1.1872
0.5213
-0.3422
0.052
-0.7162
-0.9261
0.279
-3.1028
1.4406
0.6609
0.9755
-0.2474
-1.4948
1.3422
0.1835
-0.0305
-1.1309
-2.0726
-0.2994
1.0446
-2.13
1.1109
0.308
-0.0056
1.1132
-1.7591
-1.1364
-0.2238
1.0162
0.6864
-0.9179
1.5201
-0.4855
-0.8269
0.0726
1.4531
-1.5876
0.0138
-0.036
-1.5411
-0.9972
-1.235
0.3036
0.6568
2.4021
-0.149
0.0043
1.6009
0.1419
-0.006
-0.1091
-0.8706
-0.2251
0.446
0.0788
-2.5157
-2.4772
-0.704
-0.8135
0.7318
-0.1669
0.1466
0.6223
-0.4646
-0.3152
1.1274
1.4396
1.1177
0.3593
0.1405
2.0236
-0.5029
-1.4069
0.2228
0.1768
-0.0684
1.8831
-1.4055
0.7914
-0.2807
1.8359
-0.0429
0.2401
2.0106
0.1146
-0.6025
-1.1024
-0.7043
-0.4599
0.4466
0.9283
-0.7148
1.2401
-1.1634
1.2462
-0.3866
-0.7764
-0.2605
0.5141
1.5095
1.7393
-0.8096
-1.5479
0.058
-0.5124
-0.5504
-0.4342
0.8965
0.3266
1.5917
-0.2655
1.0649
0.8563
-0.0271
-0.062
1.7441
-1.0592
0.2104
1.0866
-0.3711
0.3957
0.15
-0.8701
1.526
0.6316
0.4271
0.5259
-1.8974
-0.1009
1.4382
1.3906
-1.025
-0.7565
0.4718
-0.4589
0.9414
1.8651
0.1261
0.2475
0.0118
-0.6318
-1.4405
0.1243
0.1066
-0.8703
-0.7766
0.8276
-0.0475
-0.6475
0.0263
0.2809
0.2853
-1.1465
0.1218
-1.3825
-0.0838
0.496
0.9328
-0.8794
-2.0408
-0.1948
0.5743
-0.9003
0.1907
-1.0418
0.4682
1.9471
-2.0364
-1.6272
1.0053
-0.6837
0.1014
-1.2589
0.4438
0.6315
1.3033
1.2765
-0.3617
-1.0786
1.3773
0.0943
-0.3512
0.7483
-0.3044
-0.3832
-0.5231
0.8083
0.0263
0.04
-0.7954
-0.7886
0.4579
-1.2873
1.2452
-0.1015
-0.4201
1.3181
0.8539
0.2264
0.2736
0.591
0.3581
-1.1493
-0.6501
0.2972
1.7559
-0.5755
1.4628
-1.5637
0.4022
-1.8879
0.7482
-0.8192
-1.4762
1.0258
0.887
1.6147
-0.5515
1.1483
-0.3089
-2.0396
-1.037
-0.8703
-0.6518
0.1966
-0.3644
-0.4367
-0.2685
-1.5032
-1.4181
-1.2215
0.3228
-0.2902
-0.2566
-0.6133
2.2904
0.4697
0.8299
-0.1103
1.2687
0.0853
-1.2645
0.0318
1.1434
-0.82
-0.2277
-0.5343
-0.1979
0.19
-1.4573
1.0094
-0.1859
-0.466
1.5552
-0.3265
-0.0693
0.8033
0.1136
-0.2091
-0.513
-0.6957
-0.5492
-1.0654
0.5795
-1.0582
0.8595
-0.3248
-1.4338
-0.172
0.4873
-1.7651
-1.4857
2.2196
2.0449
0.0479
0.122
1.4745
1.5404
1.5104
-1.9636
0.5477
0.4759
-0.904
0.6818
-0.9289
-0.0359
-0.3481
-1.3228
-0.1124
-0.337
0.1427
-0.1104
1.3547
0.3101
1.6469
-1.6298
0.2182
-0.1601
0.0236
-1.4566
-1.0187
-1.4782
1.461
0.8826
1.1796
0.7924
-1.3999
-0.2187
1.2389
-1.0273
0.1614
0.1938
1.1546
0.7643
0.9081
0.7942
2.7452
1.789
-1.3031
1.4719
0.7577
1.8666
0.6825
-1.5654
-0.3502
0.2837
0.2227
-0.9385
-0.0833
1.3638
0.5439
1.453
-1.8469
0.1088
0.2352
1.7417
-0.4445
1.6103
0.9083
-0.1147
0.6268
0.1748
-0.9428
-1.6221
-0.1527
0.8632
1.0228
-0.872
0.1126
0.2633
-0.2388
1.4704
0.4192
-0.5743
1.2532
-0.7623
0.0907
1.267
0.289
1.1727
-1.5571
-0.2615
0.7995
0.1347
0.5242
-0.8989
1.0992
-0.4367
-0.5907
-0.8418
1.52
0.6407
-0.5378
0.2182
2.0582
-0.341
-0.0755
0.0813
0.0834
-0.2648
0.4875
1.0084
0.903
0.2301
0.1796
-0.0093
-0.9874
1.0534
-0.2546
-1.0263
-0.9234
-0.4226
-0.1719
1.8202
0.6677
1.1406
-0.395
0.2749
0.9444
0.5815
-0.4561
-0.229
0.5663
1.2125
-0.4913
0.4149
0.3045
2.0736
-0.0967
0.7255
0.9885
-0.5362
0.9354
-0.478
1.0703
0.6025
-1.532
0.7836
-0.2054
-0.4919
0.4765
-0.0641
-0.3879
-0.3635
1.5056
0.1194
0.1557
0.0284
-1.0592
-0.4013
-0.7755
-0.9641
0.9822
-0.8173
0.3044
0.7232
1.3481
-1.1848
-0.225
-1.1597
-0.6504
-3.2174
0.1091
-0.6279
0.759
1.9039
-1.1263
1.0579
0.2606
-1.1204
0.5426
-0.3233
0.8846
-0.3497
0.0956
0.5461
-1.5052
0.7759
0.7463
1.0445
-0.1884
-0.0108
-2.3213
-0.1914
-0.5837
-1.6367
-1.1107
0.6111
-1.2099
0.8492
0.7102
-0.0194
0.5944
0.6316
-0.5475
0.0957
0.1548
0.9051
-0.197
0.9267
-1.1272
0.0484
-2.3235
-0.6656
1.1201
1.7582
-2.0692
-0.3364
-1.6052
1.732
1.346
0.426
-0.6193
1.0967
-0.3328
-0.1491
0.5976
0.2148
-1.0408
0.4353
1.3627
0.4557
0.7007
-0.7786
0.3085
2.1991
-0.8408
0.9204
0.4425
2.3697
-0.9273
-0.0068
1.8123
-1.1223
0.3061
0.3221
-0.8622
0.9774
-1.5265
-0.034
-0.731
0.0095
-1.7992
0.3395
-0.3671
0.1627
0.7366
0.6201
0.0394
0.7629
-1.213
-0.247
-0.0498
-0.9776
1.27
1.7461
-1.1054
0.8113
0.6769
0.0128
-0.3897
0.9721
0.0744
-0.5806
1.2325
0.0396
0.7367
-0.8903
1.2519
-0.4527
-0.5393
-0.7418
-0.8967
-0.428
1.168
0.7572
-0.7428
0.6659
-2.3761
0.1766
-1.5761
-0.3668
0.5586
-0.503
-1.4259
0.1642
0.6306
-0.2071
-0.6123
0.5089
1.6575
-0.0097
0.2941
-0.6864
-2.314
-0.4497
1.5284
-0.898
0.5796
0.3172
0.4435
-0.1052
0.7023
0.8224
-1.2092
-2.1061
1.1309
-0.2615
0.1178
0.4696
1.2314
1.3926
-0.9331
1.7732
-1.5888
-1.7545
-0.2815
1.0338
0.0569
-0.3158
-1.7487
-0.2166
0.9196
0.3252
-0.46
0.2164
-1.9042
-1.2328
1.6546
-0.3602
0.0755
1.2545
0.0575
0.8475
0.2988
0.2384
-0.0045
-0.6007
-0.4842
0.6646
-0.4036
-0.5118
-0.8004
1.5367
0.3705
-0.5678
1.5728
-0.4569
-0.3096
0.128
0.193
-0.5681
0.7052
2.7197
-1.8091
0.1497
0.496
-1.497
-0.1498
-1.411
-0.8759
-1.1575
-0.3354
-0.1232
0.4276
0.6728
0.8769
1.184
-1.6116
0.0115
0.4615
0.1794
0.674
0.8717
0.5659
-1.1402
1.0927
-0.7912
0.9193
-0.8282
-1.5348
0.3041
1.2931
-1.2653
-0.5834
0.6101
0.0802
0.3647
1.3026
1.3015
-1.4348
0.2263
-1.998
0.2023
-0.7389
0.2694
0.8971
0.8712
-1.4641
-1.2952
-2.0787
-0.0879
-0.0105
0.3244
0.3262
-0.074
-0.0543
-0.371
0.1937
-1.5332
-0.0205
1.9862
-0.6042
-0.0028
-1.0963
1.9267
0.0629
0.7627
1.0987
0.914
-0.5696
-0.0135
0.4204
0.5626
0.3403
0.367
0.7216
0.8859
-0.6606
-0.8057
0.535
0.2458
0.7282
-0.6141
-0.1962
-0.2882
-0.6606
-0.0399
-0.1496
0.0188
-0.5296
-0.778
1.1622
-1.5179
0.9378
-1.9131
0.2487
-0.6947
0.2924
0.833
0.5718
1.1872
0.0441
2.7137
-1.6823
1.1855
1.1265
-0.7603
-1.8702
-1.4726
-1.3467
-0.3118
0.3615
-0.0597
0.0465
1.6761
-1.0562
0.2065
0.0424
0.9819
-0.3976
-0.1106
-1.6873
-0.6274
-0.429
-0.8992
-0.536
-1.1145
0.0505
1.0655
2.7007
-1.1356
0.5941
-0.1801
1.0376
1.1806
-0.9557
-3.0577
-0.8413
-0.0052
0.6097
1.2178
0.147
0.7642
-0.0487
0.9372
1.3659
1.742
0.5655
-0.7769
0.5372
1.693
-0.1421
-1.0282
0.2217
-0.6574
-0.7946
-0.7491
0.4011
0.2989
-0.0436
-2.1139
0.0613
-1.3336
0.4309
-1.8849
-0.1602
-2.6411
-0.4686
0.8066
-1.7193
2.0701
-1.0728
0.8085
-0.4412
1.3385
0.2156
-0.6003
1.3345
2.0206
-2.5782
0.5494
0.6101
0.6724
-0.5467
0.9774
1.0389
-1.2233
0.4913
-0.3682
-0.1059
1.8588
-1.2255
0.3132
1.0692
-1.1204
-0.3551
-0.0642
1.4994
1.3432
-0.691
0.7192
0.7803
-0.2042
0.2124
0.2603
-0.1299
-0.3554
0.7658
0.7333
-1.2844
0.6667
-0.0255
0.9941
-1.0564
0.1146
-0.2625
-0.7545
-0.6389
0.6967
-0.4001
-0.7811
0.5875
0.3736
-0.9286
2.5523
-0.0727
0.5647
-0.1819
2.4607
0.127
-0.5276
-0.2182
-0.8407
-0.8354
-1.1309
0.5865
-0.8879
-0.1974
1.0582
-0.5854
-1.0139
-0.483
0.8187
-0.5695
-0.1654
-0.8926
0.523
1.2826
2.3662
-1.0162
-1.7982
-0.0003
-1.8342
0.0087
-0.9815
-1.149
-0.3583
-1.2984
0.0731
-0.138
0.5916
0.0642
1.4182
-0.1473
1.1733
-1.8567
0.7208
0.293
-0.1947
2.184
1.3148
0.2386
0.6316
1.4867
1.7875
-0.5145
-1.0358
-0.8075
1.146
-0.0811
0.1926
-0.2619
-0.3814
-0.0022
0.1111
0.6749
-0.2255
-0.5883
0.2668
-0.345
-0.4606
1.216
0.3458
2.0684
-2.5073
-1.8847
0.7086
1.4293
-0.6821
-1.1883
-0.4614
0.099
0.6242
0.3302
-0.1578
-0.8995
1.1915
-0.445
0.1306
0.4906
0.2714
0.2839
0.9869
-0.4401
-0.9238
-0.5833
-1.6364
0.7658
0.9938
0.5711
0.144
-0.1949
1.4529
2.2422
0.8401
0.2559
-2.1067
-0.4182
-0.3116
-1.4265
-0.5434
-0.1503
-0.7496
-0.9247
0.8909
0.1879
0.6223
0.4906
-0.7241
-0.3464
-0.1565
0.9872
-0.3977
0.0626
0.2426
1.1713
-0.048
0.3268
0.3317
0.8384
0.4769
1.3232
-1.2292
0.0648
-0.3384
-0.7368
-0.1104
0.256
0.2051
-2.1324
0.3921
0.1624
0.2871
0.153
0.4767
-0.0649
-1.2324
-0.659
0.6381
0.1227
-1.4603
-2.0195
-0.8502
0.1596
-0.3972
-2.6249
0.1846
0.0499
-1.2602
1.9376
1.7304
-0.058
-0.5889
0.5155
0.7634
-1.2381
-0.3323
-0.715
-0.7215
-0.8004
-0.2271
-1.1927
0.7171
-0.026
-0.5899
-0.268
-1.7439
0.575
0.3246
0.5268
-0.3489
-0.6385
0.0855
2.1914
0.6967
0.8369
1.3009
1.165
-1.2383
1.1853
-0.364
0.3304
0.4949
0.5066
-1.5583
-0.3123
-2.2035
-1.8437
-0.5276
-1.4297
0.8359
-1.2978
0.0412
-0.4876
1.3762
0.2533
0.5119
-0.8222
-0.0603
0.3936
0.1475
-2.0738
0.7043
-0.6958
-1.9446
0.9012
0.6049
0.301
0.0524
0.002
-0.1222
0.4388
0.6225
0.8457
-0.9254
0.3415
0.7781
0.7702
-1.7261
-1.1381
-0.0352
-0.1891
-0.9539
0.3844
0.272
-0.4702
-0.1791
-0.3651
-0.6407
3.5191
0.2953
0.7997
0.9372
-0.22
0.0227
0.1469
1.7082
0.52
0.02
0.906
-0.4416
-0.4366
-0.3571
-0.906
0.272
-0.529
1.1547
0.5238
-0.8904
0.9544
0.0473
1.2075
-1.0608
0.7715
-1.338
-0.8264
-0.9649
-0.6975
1.2925
0.1772
-0.8675
-1.8345
0.0597
0.2699
-2.7937
1.2386
-0.0305
-0.438
0.8212
-1.0701
-0.6898
-1.118
0.0421
-1.1526
0.3726
1.4244
-2.3378
-1.0104
0.0561
1.1509
-0.7004
0.2787
0.595
-0.5583
-0.6354
-0.1436
-0.9833
0.8711
0.5211
1.7693
1.1487
0.7239
-2.1672
0.1385
0.3539
-2.793
0.4097
-0.3945
1.3944
-0.4758
-1.9023
1.5153
1.1358
0.5935
-0.7028
1.0394
0.1122
0.2236
-0.2193
-1.0909
0.6392
0.8008
2.2999
0.3876
-0.3571
-1.2249
-1.692
-1.458
-0.6073
-0.4262
-1.02
0.835
0.6177
1.0456
-0.5813
-0.72
-0.573
-0.3098
1.3143
0.9114
1.1175
-0.3289
0.0261
1.4434
-0.8008
0.6821
-0.0787
0.7803
-0.2784
-0.8486
-0.6592
-0.3411
-0.2788
-0.8408
-1.0192
1.2898
-0.7713
1.4973
-0.2948
-1.2682
0.669
0.24
0.6911
0.611
0.2254
-0.8185
0.7125
0.6937
-1.8052
-1.2503
-0.784
0.5254
0.4952
-0.6439
-0.1607
1.8084
-0.3658
1.9048
-0.4125
-1.3528
-0.2545
-1.6223
-1.631
0.3719
0.5585
1.7091
0.8389
1.8337
1.7121
2.1986
-0.5837
-0.2689
0.758
1.5067
1.1001
1.6472
0.7743
-0.024
0.645
-0.1504
-0.1487
1.4163
1.203
0.2756
0.0478
0.1718
0.0785
-0.9071
1.6611
0.0191
-0.5921
-0.4898
2.2424
-0.2339
0.9317
0.3891
-0.8994
0.8874
-0.1946
0.6959
0.1376
2.3072
0.1442
0.82
-0.0736
-0.7696
-0.5735
-0.9231
-0.8382
0.0172
-0.1286
1.5043
-0.434
-0.5288
-0.0276
-0.5688
0.3678
0.1591
0.2276
0.3939
-1.5172
-0.9247
-0.4824
1.2965
1.2211
0.0193
0.7352
-0.2105
0.4846
-1.2466
-1.3279
1.7471
1.1557
-1.9486
1.1446
0.2033
-0.4656
1.1045
0.187
1.0858
-0.5982
0.4898
0.3975
-1.0008
-1.023
0.0945
0.2179
-0.7644
-0.1166
0.1803
1.4922
0.5829
0.9747
0.3195
-1.5252
-0.5446
-0.6
-1.6362
0.8756
-0.6168
-1.0984
-0.2729
0.5425
0.997
-0.2455
-1.147
-0.4976
0.3308
-0.1397
1.6424
-1.485
-0.967
-0.9235
2.1508
-0.0949
0.9505
0.9142
-1.0105
-0.4198
0.4364
-0.5139
-2.0594
0.1942
-0.1925
1.0252
0.3062
-0.7491
-1.2677
-0.3407
-1.0865
-2.5599
0.4957
-1.1202
-1.5332
0.2226
0.0865
0.5479
-1.2483
-0.3029
2.5435
-1.208
0.2774
0.1284
0.55
-0.7923
0.7358
-0.4148
-1.2899
-0.0218
1.4576
1.5234
0.0264
-0.6004
-0.3419
-0.8161
1.4307
-0.8311
1.3935
-0.5268
-0.9937
-0.6108
-0.0561
-0.813
-1.9636
1.5777
-1.3362
-1.5261
-0.2944
-0.9476
0.6714
1.0138
0.7847
1.2763
-0.5773
-0.0022
1.1529
0.4088
1.457
-0.0121
0.4
-0.6997
-1.0868
-0.2132
-0.7433
-0.3113
0.0366
0.5499
-2.0988
0.1832
2.4731
0.109
0.893
1.6887
1.0141
-0.2743
-0.4671
-0.3026
1.1307
1.498
-0.0992
0.432
-1.1348
1.0696
-0.4644
-0.6724
1.6277
-0.7154
0.4688
1.4911
-0.4918
1.8196
0.9076
1.7504
1.2133
0.5269
0.3297
0.9751
0.2635
1.2873
-0.1723
0.2884
1.5845
0.2743
-0.4513
-0.9706
-0.3224
0.07
-0.6734
-0.5012
-0.6589
0.5642
0.5851
-0.1186
-1.3764
-0.1744
0.0547
-0.6081
0.9527
-1.2115
-0.3703
0.4091
-1.0329
-0.5971
1.7276
-0.1498
0.5221
0.6151
-0.9665
-0.2488
0.7989
-1.8533
1.3529
0.1181
-0.2649
-0.2622
-0.8407
-0.6363
-0.8143
1.6985
0.8549
1.6111
0.1553
0.3495
-0.6334
0.1945
0.7627
-1.5141
-0.6588
-0.7251
1.2618
-0.566
-0.279
-2.0712
0.5066
-0.7576
-0.922
-1.9367
0.0342
-0.1507
0.0554
0.8709
0.9945
0.6163
-0.2941
0.5497
0.0359
0.0083
0.4721
-1.4399
0.1284
1.6137
-2.2545
-0.6859
0.2826
1.865
-0.3575
0.2173
-0.0698
0.5847
0.8431
-0.1292
1.7925
-0.8122
0.5379
-0.6731
-1.2605
-0.2194
-0.5915
-0.6782
1.0579
-1.0092
1.0592
1.1003
1.1637
0.5301
-0.3323
-1.5742
0.5742
0.4293
0.5091
0.8235
1.4949
1.1476
0.6102
-0.6924
-0.0158
1.9612
0.3551
0.0773
-0.5431
-1.7089
0.5889
-0.4436
-0.0672
-0.0929
0.1701
1.416
-0.3168
-0.7289
0.9085
1.6427
0.5189
0.9989
0.0983
0.2906
0.0433
1.4693
0.4444
-0.2846
1.2358
-2.1125
-0.9136
0.4195
0.5088
1.9598
0.6221
0.4801
0.9666
-0.7941
0.141
-0.4727
-0.7011
-1.9464
0.2691
-1.8336
1.2368
1.25
-0.2053
0.9185
0.5562
-2.1822
-0.552
-0.0236
0.8684
0.2342
0.8976
0.1151
1.7692
2.0301
0.2449
-0.4356
0.0839
0.2528
-0.9242
1.761
0.5157
0.7454
0.7085
0.0946
1.5124
0
0.096
2.0207
-0.4093
-0.0151
-0.089
-0.2872
0.5585
-0.044
1.5351
0.6267
-0.8056
-1.0105
0.353
-0.0954
0.0816
0.6674
-1.3439
-1.3434
0.7962
-1.6031
0.7733
-0.2565
0.5769
0.3443
0.633
-1.3273
-0.6377
0.9579
1.0351
0.9559
2.7262
0.9742
1.2937
1.1487
1.6913
-1.431
-0.0402
0.3216
-0.5288
-0.4585
-0.5685
1.0493
1.4102
1.3219
0.2482
-1.4607
-0.5658
-1.0966
-0.2143
-0.1956
0.5763
0.555
-0.6654
0.3198
2.5462
1.2172
0.5695
-0.7047
-1.0422
1.2202
1.0777
-0.3303
1.144
-0.8512
1.5617
-1.2422
1.2413
-0.1956
-0.4636
-2.8534
-0.2222
-1.2502
-2.18
1.2885
1.0295
-1.1912
-0.2851
-1.0643
0.8309
-1.1464
-0.5092
-0.411
-1.0464
0.0476
0.9764
0.5541
-0.6032
-0.1015
0.2953
-0.2461
-1.3273
0.8629
0.3152
-0.5017
1.284
-0.7045
0.1469
-0.3768
0.7261
0.5913
-0.0323
-1.2027
-0.5773
-0.0182
0.042
0.5789
-1.9939
-2.357
-1.125
1.132
-1.7812
-0.8482
-0.3495
-0.5683
0.8488
-1.7352
-0.2003
-0.8445
-0.6511
-0.9208
-0.1999
-1.101
-1.3882
0.139
0.2533
-1.4987
-0.7871
0.8326
1.2723
-0.3701
0.7088
1.0803
0.3866
0.1939
-1.5456
0.3394
-1.4995
-0.4341
-0.5051
-0.5733
-0.1178
0.526
0.7814
-0.8453
0.0452
-1.1396
0.4779
1.3542
0.1952
-0.2193
-0.5428
-0.1374
0.8576
-1.1813
0.2337
0.197
-0.4563
-0.4246
0.3121
0.2403
-0.0602
0.7773
0.519
-1.3098
-2.1216
-0.3939
-0.6152
0.7553
-1.6729
0.5736
-0.0308
0.3621
0.429
-0.315
-0.5797
0.61
0.6101
-0.9828
-0.0299
2.716
-0.3113
-0.28
-0.1927
-0.891
0.9731
1.0807
-0.2764
-0.2515
0.4085
0.4087
-1.3528
-0.4128
-1.423
-0.2783
-0.6674
0.9904
-2.0432
-1.0117
0.5848
0.5081
2.3519
-1.5291
1.121
0.0894
0.8761
0.4351
1.1016
-0.63
0.0649
-1.3079
0.6485
0.1732
-0.5851
0.2189
-0.4826
0.7074
-0.0058
-1.1183
1.3477
-0.0965
-0.9159
0.5947
-1.0372
1.1632
-0.2693
0.2628
-0.0741
0.0818
0.3741
-1.4254
-1.0735
1.8628
-0.0358
0.0196
0.5203
0.3416
0.0305
1.1405
0.3574
-1.3491
1.0825
-0.0704
-0.9623
-0.178
-0.4201
-2.8408
-0.5404
1.4858
1.0443
0.008
-0.0093
-0.0991
-0.3092
-1.0126
-0.0635
-0.8856
-1.5941
-0.8525
0.5157
-0.5105
1.1679
-0.6313
-0.1752
-1.2262
2.0587
1.502
0.6554
-0.666
-0.4885
0.6076
0.4231
-0.5931
-1.9039
0.7723
-1.4032
-0.3486
1.4363
-0.3348
0.6314
0.1605
-0.5423
1.3678
0.674
1.15
-0.8176
-1.2148
-0.461
0.4389
0.1929
-0.9466
2.308
0.6059
0.6155
0.3735
0.3612
-0.5755
-0.5999
-1.0578
0.2491
-0.8326
-0.7348
0.9694
1.579
1.4327
1.9639
-0.2355
0.4717
0.3193
-1.0207
0.1335
0.5863
-0.2918
1.2063
-2.0197
-1.3401
-0.8402
-0.3944
-0.1098
-0.4321
-0.4181
-1.1811
-1.8062
0.2875
-0.723
-0.7383
0.0334
-0.1538
-2.2617
-1.4348
0.6896
0.5217
0.2636
-0.2111
-0.3891
-0.9504
-0.3154
1.2581
-0.7987
0.9137
0.5853
-0.5971
0.1442
-0.6546
-0.3193
-0.585
-0.8312
-1.5363
-0.0653
-1.2278
-0.6168
1.0798
0.7852
0.3212
-0.4323
0.1258
0.6179
-1.3412
-0.6636
-0.1959
-1.3739
-0.9098
1.5496
-1.0705
0.3972
1.5851
-1.555
0.5042
0.3968
1.1094
0.7856
1.6574
-1.1872
-0.6839
-1.8304
-0.0978
1.1057
-0.7374
1.08
-0.2538
0.0324
-1.0191
1.7218
0.5829
-0.3246
0.4268
1.0303
-0.8526
0.1693
1.0576
-0.9141
0.9321
0.5697
-1.4058
-1.6802
-0.3577
-0.4307
0.7333
0.0578
1.172
-0.4235
0.4338
1.0925
-0.8028
-1.1129
0.4741
-0.2274
-0.6445
0.9257
-0.4285
-1.7984
2.2269
0.8653
1.1102
-0.9123
0.564
-0.2545
0.2335
-1.9145
0.6903
1.4897
0.8552
-0.6973
0.8243
-0.6508
0.0982
-0.7301
-0.2923
1.8207
-0.0783
0.4086
1.4504
0.7899
0.8411
-0.0683
0.2871
-2.2393
-0.3597
1.7342
0.1817
-0.9502
0.3383
0.2224
-0.0862
0.3315
0.0637
-2.3955
-0.304
-0.2744
-2.3377
0.0741
-0.0791
0.4399
-0.2611
0.9038
-1.2959
-0.09
-0.349
0.154
-0.1823
-0.258
0.692
0.9744
-1.004
0.216
-2.4537
-0.1729
-0.0923
0.0741
-1.442
1.2622
-1.4483
-0.2254
0.762
0.1456
0.1903
-1.3306
-0.5197
0.0594
1.7266
-1.1793
-2.048
-1.1276
-0.3592
-0.7403
1.3261
-0.4806
0.6334
0.0351
1.0392
0.5552
-0.0463
1.5378
-2.2876
0.0178
-0.0117
-1.5635
2.8015
1.3676
-0.3674
2.1177
0.644
-0.3375
-0.9069
-1.408
-0.7493
-1.2587
-0.4374
-0.6048
-0.5062
1.3194
0.381
0.7623
-1.1112
-0.409
-0.2353
-0.2916
-0.2574
-0.2795
-0.3203
-0.6559
0.9672
1.9114
0.6208
-0.688
-1.4417
-0.9277
-1.6501
0.0493
-0.3308
-1.395
0.3905
0.0071
2.9969
0.9071
-0.8168
0.2801
-0.2924
-0.7921
-0.6006
0.2996
2.2472
-1.6087
0.2517
-0.3274
0.3006
0.5859
0.7733
-0.1161
-1.1272
-0.7195
-0.8188
-1.0621
-0.6621
0.5247
0.5077
0.7715
-0.9744
-0.4009
-2.5848
0.8208
1.6429
1.0656
1.2383
1.7376
-1.7472
-0.2822
0.835
1.0555
0.0597
-0.1378
1.1033
-0.3438
0.9936
0.2911
-0.7088
-0.7532
0.487
-1.3339
0.1762
-0.6991
-1.5865
-2.1163
1.1563
-1.4421
2.3831
0.2238
-0.1156
0.4603
-0.945
-0.9105
-1.9116
-0.3593
0.5731
0.1544
1.6415
-1.5632
-1.8598
-0.1553
0.0582
1.4548
-0.4477
-0.7905
2.3035
-0.7768
-1.0099
-0.2573
-0.1465
0.8653
0.0057
-0.7865
-0.367
-1.6304
0.1351
-1.1346
-0.3982
-2.5773
0.9503
-0.3135
0.3795
0.3243
-1.041
1.1021
0.2012
-1.2834
-1.0935
0.5044
-1.0781
0.1555
-0.1608
1.2132
-0.9173
0.8621
-0.7389
1.3114
-1.1437
-1.3658
0.4164
-0.8149
1.2091
-0.5589
0.4424
0.2699
-1.187
-2.0136
-0.3985
-0.2131
-1.1121
-0.4583
-0.7394
2.2046
0.5848
1.5401
-0.5698
-0.953
0.9248
-0.4232
1.3738
-1.6857
2.1452
-1.7276
-1.284
1.7061
0.5388
-0.2838
-0.9539
-1.7084
1.6396
0.9672
0.8761
0.7872
0.5146
-0.6651
-1.2045
1.1647
1.2539
-1.6781
0.2933
0.3214
0.9875
0.6767
0.0297
1.514
-1.3726
-0.5939
-0.9641
-0.3757
-0.9847
0.0523
1.8197
-0.3127
0.7783
-0.5759
-0.6992
-0.175
0.3605
-0.708
0.7429
1.5713
0.655
0.4476
0.7273
-0.1791
-0.5719
-0.6994
0.1158
-0.6896
0.2025
0.482
0.1004
-0.4732
-0.5796
-0.4479
1.4565
-1.8406
0.7383
-0.9621
-0.2703
1.014
-0.4094
1.3329
-0.4163
0.9138
0.5236
0.1604
-0.3029
0.9728
-0.4012
-1.4327
-0.0117
-1.0417
-0.9798
0.76
-0.8425
0.2147
-0.5932
1.0884
-2.4592
-0.2659
-1.2142
-0.4444
0.0148
0.0309
0.1283
0.2897
0.0248
1.4727
-0.7002
-0.2801
1.2691
1.302
-0.2085
-0.6264
-0.7633
-0.5947
1.0245
-0.3107
-0.2762
-0.8409
-1.1077
-1.3167
-1.3585
-0.3242
1.4379
0.7427
-0.3222
0.2564
-1.4573
-0.8077
-1.7103
-0.4761
0.8473
0.9102
0.4654
0.3913
0.8483
-1.0837
0.5425
1.092
-0.5537
0.4476
-0.9018
0.1011
-0.2774
1.3937
-0.3771
-0.89
-0.6528
0.5828
0.788
-0.6098
0.0939
-0.2051
0.8198
0.716
-0.676
-1.1762
-0.2538
0.8492
0.901
-0.8544
0.2092
-0.4216
-0.258
0.2567
-2.0989
2.4001
0.2059
1.2281
0.4652
1.5785
-0.7057
-0.5328
-1.2292
-0.4181
0.1209
-1.8419
-0.3025
-0.3659
-0.4205
-0.939
0.9032
0.9702
0.2142
0.4556
0.1435
-0.2521
-0.2125
0.1569
-1.1345
1.1845
-1.2925
0.4693
0.1946
0.4799
-1.9513
-2.2647
1.1744
-0.1776
-1.4721
0.7872
1.45
2.1595
-0.9944
0.9873
0.5167
0.5294
0.7961
0.1214
0.349
-1.0256
-0.7692
1.778
0.4625
0.7113
0.7521
0.2907
0.0675
-0.9765
-0.0158
-0.1439
0.3614
-0.9587
0.0369
-0.3009
1.4372
0.9607
-0.5944
-2.5223
1.2103
0.1021
-0.2339
0.705
-0.7432
1.531
-0.0448
-0.2235
-0.8383
2.1209
0.678
-1.4959
-0.2067
0.3618
-0.0714
-1.0762
2.7308
1.7308
0.543
0.8404
0.7677
0.4043
1.2662
-0.1367
0.5043
-0.1661
-0.4244
-0.8955
0.3418
-1.2152
1.3874
1.2388
1.1393
-0.8878
-0.286
-0.4045
2.0143
-1.8279
1.0981
0.7818
-1.7382
-1.243
0.5465
0.6196
0.0211
-0.3221
-0.7566
0.8578
-0.9394
-1.1018
0.7848
0.3009
-0.5567
0.087
0.3177
-0.1033
-0.8879
0.5551
-0.873
-0.5439
-1.1907
0.0889
0.7385
-0.3553
-1.0491
-0.6898
-0.7162
-1.8074
-0.3277
1.4915
0.4346
-0.8471
0.4447
-1.5081
-1.3428
-0.8466
0.2134
1.7426
1.738
0.9816
-0.1467
0.7347
-0.8153
-0.7508
1.5548
-1.0512
-1.5186
0.486
-1.5496
-0.395
-1.6839
-0.9925
-0.07
2.5319
1.1233
0.4808
0.5199
2.4205
-0.9458
-0.0081
-0.4299
-0.8769
1.1553
-0.8272
-1.345
-0.1586
-0.2354
0.8535
0.0166
-2.0292
1.2702
0.2833
0.9436
1.6299
-0.1966
0.6863
0.1085
-1.8697
-1.8659
-0.2397
-0.6574
0.3754
-1.1525
-1.0432
-1.4389
-0.3068
-0.1133
0.4725
0.0243
-0.9887
-0.6495
0.6087
0.0974
1.0908
-0.9712
1.0701
-0.1217
-1.2639
-0.6548
0.4929
0.1392
0.3818
-0.6647
0.9603
0.857
2.1088
1.2943
-0.1103
-0.8813
-0.3866
0.2463
-1.7348
-1.0424
0.5381
0.4518
0.1989
0.4559
2.3054
-1.0659
0.3956
1.1456
0.5298
-0.4636
1.132
0.361
2.1487
0.3715
0.95
1.444
-0.0703
-0.5474
0.1199
1.1981
2.1794
-0.1651
-0.2936
0.8386
-0.2689
-1.8136
-0.7719
-1.963
-2.2483
1.4966
-1.91
-0.33
1.0721
-1.2437
-2.097
0.3499
-1.2529
0.7907
0.2738
-0.5645
0.2556
0.2805
0.3941
-0.7517
-1.1339
-0.7318
-1.0877
-0.3703
0.4518
0.9698
-0.8668
-0.4751
1.4462
-1.402
-0.8539
1.4202
-0.5872
-1.1561
1.3216
-0.5421
0.0111
0.0452
-0.8474
-0.0905
0.5486
1.8553
0.3239
1.0541
0.005
-0.0371
0.0551
-0.4427
1.633
0.9439
-1.0472
2.1963
-0.3907
-0.5228
-0.3948
-2.4831
-0.8163
1.0846
0.0108
-0.6014
0.9199
0.3692
1.2673
-0.1619
-1.8856
-0.0026
0.4749
-1.3876
-0.0858
0.8973
-0.8062
0.3478
1.0999
-1.288
-0.4954
-0.6571
-0.8517
0.4385
-0.1094
-1.1486
-0.5891
0.7005
0.66
-0.1963
-0.0172
-1.2519
2.7009
0.0394
-1.1221
0.9131
-0.3463
0.3838
0.2179
0.5434
-1.9012
-0.7664
-0.815
0.0612
0.4868
0.2013
-0.0329
-0.3391
-0.9388
0.454
-1.3453
-0.5464
-1.2823
-0.9002
0.4242
-0.8514
-1.7146
-1.0017
-0.0474
0.5468
1.0482
-0.318
0.5349
2.1468
-1.7897
-2.4038
1.2873
0.9596
1.3935
-0.075
0.0229
-0.3577
-0.3255
1.1636
-0.3047
-1.198
0.0508
-1.5285
-0.0295
-0.6295
-1.2228
-0.7404
-2.1196
0.4733
-1.35
0.1873
2.0589
1.5653
0.0585
1.6744
-0.2776
-1.2274
0.2649
0.5467
-0.5783
2.1354
0.5095
0.3992
0.3542
-0.2143
-0.9962
-0.7676
-1.2653
0.6837
1.2439
0.0638
0.5656
1.2257
0.4952
0.4488
-0.3306
-0.4288
-1.5148
0.514
1.1694
0.5118
-0.3999
2.2803
1.1433
0.6734
-0.4117
-1.2787
0.2194
-0.8021
1.1907
0.3308
-0.0369
0.2527
-1.4639
-1.3863
1.5981
0.6038
0.7431
-0.8986
-2.1239
1.6568
-0.6316
0.6365
-1.3475
0.8655
-0.118
-0.7544
-1.9628
-0.7795
0.1611
0.3286
-0.1578
2.5679
1.4176
-0.0417
-0.9369
0.2602
-0.2024
-1.2235
-0.3253
-0.3427
-0.2163
0.6257
-0.0442
0.1673
0.0435
0.1872
-1.2183
1.8981
-0.145
-1.25
1.4875
0.3837
0.0737
-1.4103
0.7943
0.3171
0.7817
1.9629
-0.0739
0.0837
1.4332
-0.8706
2.2171
-1.4235
-0.741
-1.6399
-0.0117
-0.4224
-0.4984
-0.2275
-1.3694
0.6737
0.1454
-0.5358
0.3643
-0.6711
1.4578
-1.9548
0.4724
-1.3238
-0.6052
2.4087
0.0689
1.1028
0.3618
-0.4095
0.3333
-0.7638
0.4489
-0.6599
0.9315
-0.0499
-0.0593
-0.7568
-1.8277
0.3185
-0.2524
2.1492
-2.8108
1.5212
-0.7523
-0.5996
1.719
-0.7273
-0.0014
1.5532
-1.4763
-0.2706
-0.1269
0.152
0.8572
0.6235
0.8948
0.9783
-0.6171
-0.2624
1.4628
0.2272
1.0331
-0.6048
-0.3942
-0.0623
-1.1358
-0.6805
-2.3527
0.1073
1.658
-0.4648
0.7735
0.0254
-0.3709
1.2723
-2.3119
1.7144
0.2934
-0.7231
-0.5186
0.2464
0.302
-0.5117
0.3934
0.8429
-0.6597
-0.999
0.0102
0.8177
1.2584
-0.464
-0.9496
0.1506
-1.7529
0.8367
-0.411
1.0107
-0.9942
0.6653
1.8195
-0.5477
-0.5887
-0.2241
0.7454
-0.018
-0.9093
0.2192
1.2811
0.192
-2.0522
0.5709
-0.3402
-0.3872
-0.9104
-0.5089
1.8771
-0.0722
-0.1823
0.3347
0.6251
-0.0323
0.1187
-0.1069
-0.4659
0.7604
2.6475
-0.5828
-0.5378
0.9829
-0.7912
0.3926
-0.7731
0.8125
1.086
0.5031
0.3729
-0.5497
-0.5255
0.0447
-2.2827
0.5377
0.3207
-1.0695
-2.8556
0.2513
0.1675
1.305
1.776
-0.4914
-0.8953
1.2229
-0.9598
-0.5749
-0.1909
-0.3091
-0.5346
0.413
0.958
-0.2845
-0.553
2.2035
-0.4956
0.9999
-1.2172
-1.208
0.9053
0.3291
-1.9918
-0.0147
-0.013
-0.9327
1.8334
0.6699
0.8276
0.8302
1.2252
1.7032
1.367
2.8396
-2.008
-1.7048
0.8914
-0.233
-0.5537
0.937
0.1046
0.9384
0.8389
-0.5232
1.5785
-0.0938
1.9177
0.2237
-0.2048
1.3829
-1.5015
-0.4448
1.169
-0.9337
-0.1202
1.2728
0.4851
0.9056
1.303
-0.0856
-0.1278
0.1306
1.1983
1.3068
0.1473
-1.2638
1.3899
-0.8825
0.1074
0.1202
0.4798
-0.9136
-0.1142
-0.4595
-0.5438
1.6475
0.8283
0.6212
0.4946
0.3043
1.287
0.6695
0.3042
-0.2098
1.3411
0.5992
0.4088
-1.3812
0.0076
1.1936
-1.1065
-0.3285
-0.3361
-0.1194
-0.5558
-1.1085
-0.021
0.4707
0.1572
-0.9336
-0.8761
0.0324
-0.7231
1.0499
-0.6513
0.3499
-0.4858
-1.9788
0.0603
2.0061
0.1814
-1.8454
-1.0917
-2.8569
0.526
0.4142
1.1113
0.481
-2.459
1.5354
-0.1673
0.9344
0.6179
-1.0876
0.989
0.282
0.3113
-0.3649
1.0175
-1.0041
-0.215
-0.0413
0.2994
-0.6009
0.1576
-0.3739
-0.409
-1.5092
1.0537
-1.159
-0.337
1.13
-0.4747
-0.5227
0.212
0.8919
-0.8779
1.4206
-0.372
-1.2555
-0.7398
-0.7921
0.4102
1.8273
0.739
-0.3357
0.4688
-0.3635
-2.3719
-0.248
-0.5741
-0.401
-0.4289
2.7466
-1.6648
-1.547
-1.2316
1.2942
-0.004
1.2565
1.1145
-1.5167
0.0971
-0.364
-0.1566
-0.1698
-0.024
-0.5343
-0.636
0.1524
2.2062
0.1612
-0.2603
0.2773
-1.7983
2.0691
0.5775
0.1617
1.2541
0.5941
-0.3675
-0.172
0.7377
0.0101
-0.8703
-0.1683
2.1489
-1.0914
-0.0486
0.6586
-0.2134
0.627
-0.9298
-0.9996
-0.6109
-0.2193
-0.9495
-1.0577
-1.5019
0.1164
-2.5433
-2.4457
0.3556
-1.0038
0.3927
-0.4665
-0.272
0.2758
-1.2282
-0.4407
-0.0606
-0.2082
0.6333
-0.2532
-0.7178
-0.3652
0.3027
-0.0754
-0.5103
-0.1532
-0.9716
-1.3471
-2.3562
-1.5385
-0.0232
0.0442
-1.9644
-2.2341
-0.0749
-0.6828
-0.6514
-0.1195
0.2251
0.1793
0.173
-0.1987
-0.1612
0.0867
-1.9221
0.7861
-0.0566
-0.7784
1.3758
-1.1864
-0.0135
0.1974
-1.646
0.0065
0.7193
-0.3113
-0.4779
-0.4193
0.4746
-0.8614
0.0995
1.9626
-1.1524
0.4251
-0.1873
0.5162
1.5341
-0.0946
-1.8923
-0.1841
-1.1675
-0.7293
0.1235
-0.2796
-0.6043
-0.1693
-0.2053
-0.7052
-1.2237
0.8229
0.1008
0.8957
0.3565
-0.4492
-0.8508
1.2807
0.097
0.3317
-0.2564
-0.6586
-1.6897
-1.2925
-0.7742
0.283
-0.1545
-1.9396
-0.7619
-0.0193
0.0658
1.4543
0.7201
0.5271
0.492
-0.3213
-0.7422
1.2346
1.0024
-1.1634
0.4119
1.5115
0.7377
0.1844
-0.3479
0.3009
-0.3189
0.0663
1.0447
-0.5729
0.1391
-1.1873
0.0814
0.597
0.096
-0.021
0.0745
-1.2751
-0.1358
-0.6978
0.1929
0.1401
-0.0359
0.7326
0.8275
-0.1093
0.5377
-1.4991
0.5571
0.0083
0.2144
0.6802
0.1413
-0.8295
0.5979
-0.6718
0.8617
-1.2919
-1.0004
-0.2567
-0.3929
-1.218
-1.9378
-0.1458
0.3462
-2.0904
0.0984
2.0406
0.566
0.0394
-2.1933
0.8162
0.0328
-0.2697
1.137
0.3958
-0.1287
0.2024
-1.6288
-0.3622
0.3962
0.2614
0.197
0.1835
1.9666
-0.0592
1.1475
-0.6807
0.8475
-0.8773
-0.4511
-0.5323
0.4189
-0.6081
2.5348
0.7985
0.8397
-1.4486
1.5985
-1.5987
1.2112
-0.6128
0.8406
0.7296
-0.7524
0.8293
0.0591
-1.7792
0.0821
-0.4071
0.2489
0.5008
-1.261
-0.0012
-0.3897
-0.0234
-0.8717
0.8531
0.4576
2.0539
2.0742
-0.6202
0.6589
1.1596
1.424
0.3653
-0.8057
0.5802
-0.2298
-1.694
0.7502
1.4466
0.31
1.0076
-0.189
0.2824
-1.7506
-1.0064
-0.0239
1.0617
0.5778
1.7794
-2.7732
-1.388
0.6595
-0.0009
1.3827
1.1054
0.7449
-0.9562
-0.6161
-0.1166
1.2307
-1.6849
-1.1359
-0.0694
-1.0403
0.251
0.3963
0.4535
-1.2687
-0.3486
1.5306
0.3699
-0.6216
-0.9584
-0.7406
1.1801
-0.0519
2.0553
-1.2976
0.8483
-1.2982
1.5588
-0.2931
0.1324
1.3417
1.685
0.0547
-1.0716
0.1384
-0.9846
0.2207
-0.0633
0.4396
0.6168
-0.065
0.9795
0.7636
-1.8761
-0.5694
-0.7567
1.9004
-0.1819
0.582
-0.9134
-0.154
-0.0079
1.0625
0.1655
-0.2705
-0.6982
-0.631
1.8176
0.518
-0.0261
1.0126
-0.0798
-0.1423
-0.1301
0.9665
-1.1193
-1.5731
0.8609
-0.5819
1.0782
1.2787
0.2054
-0.434
0.9846
0.3541
1.1743
0.5372
1.7034
-0.9211
1.7654
-1.1671
1.7617
2.0265
-1.0406
-0.2913
0.8278
-1.563
-0.484
-1.2027
-0.1571
0.0359
0.2265
-1.2911
-0.2691
-0.3892
0.6213
-1.9479
-0.031
-0.9674
0.8802
-0.2352
-1.1928
-1.8602
-0.7398
0.9689
-0.0627
0.6713
0.9047
-0.8341
-0.3921
-0.2464
-1.8699
0.0362
-0.2423
-1.6157
0.4379
1.4026
-0.6836
0.7122
0.7603
0.5162
-3.3787
1.7536
1.8691
-0.5464
1.6874
0.1079
-0.079
0.7435
-0.0442
-0.5255
1.6023
0.7978
-0.9892
1.758
-2.0773
-0.3419
1.7147
-0.4616
0.0567
-0.3646
-0.784
0.038
0.3921
-1.3372
-0.0995
-1.1543
1.3628
-0.3999
1.5652
1.6039
1.5245
1.1933
0.1007
-1.2076
-0.8443
0.2333
-1.6324
-0.577
0.1058
0.8659
-0.122
0.0797
0.5953
1.0011
0.0689
-1.762
-0.7672
-0.0537
1.0706
-0.22
2.3072
0.7256
0.1711
-0.0268
1.0886
-0.6868
-0.773
-0.9232
1.089
1.9666
0.4442
-1.1073
-0.2485
1.0063
-0.0956
-0.4461
-1.2005
-0.116
0.6967
-1.0626
-1.0614
0.4311
0.1814
1.3233
0.1027
0.5141
0.1787
-0.11
0.9117
-0.9781
0.6942
0.8793
-0.5571
-0.7497
0.6119
1.1526
-0.4709
-0.0261
0.8621
0.3766
0.0775
0.9346
0.2362
-1.4981
-2.1766
0.4585
-0.6489
-1.1885
1.5827
0.7478
0.7581
0.4602
0.8011
0.2888
1.621
0.8873
0.4487
-0.9749
-0.8442
-1.5424
2.4613
1.3798
1.845
-0.4147
1.9668
1.5873
1.3477
0.8612
-0.7227
0.022
-0.2402
-0.6344
2.2644
0.364
-0.8734
0.1443
0.7203
0.5663
-2.1671
-0.5653
-0.0088
2.1309
1.3251
0.3431
-0.8533
1.0018
0.3383
0.0903
-0.6302
1.4164
0.153
-1.0434
-0.6062
-0.1696
-1.0589
-1.3918
-0.1324
-0.1526
0.6661
-0.6094
0.8758
1.1205
-0.2296
1.3303
-1.5186
-2.1808
1.2238
-0.3309
0.4885
-1.2425
1.4718
2.5955
-0.7819
0.1304
0.0985
-1.0307
-0.9809
1.6358
-0.2323
1.2526
-0.8182
-0.7596
0.0837
0.4113
0.8049
-0.4003
2.4261
0.8047
-0.4908
-0.7731
0.4129
1.3395
0.8845
-0.3032
-0.3103
1.3993
0.3735
-1.22
0.3891
-0.5988
0.6281
-0.0078
-1.6953
-0.3361
-0.4832
1.8785
0.2284
1.706
0.3664
-0.738
1.8918
0.1433
0.279
0.4754
1.3805
-0.8066
0.5817
-1.1775
-0.8473
-0.2689
1.2889
-0.5839
0.9353
-0.855
1.3549
-1.0595
-0.0608
1.3253
0.6075
0.2785
-1.1402
0.7438
-1.0763
-0.7417
0.0907
1.4559
-0.1243
0.1373
-1.6688
0.2192
-1.3817
0.3483
0.8944
-0.4723
-0.1493
-0.0397
-0.5623
-0.2186
0.143
-0.4863
0.9008
-0.1735
1.9396
-0.9689
-0.4526
2.778
-0.412
-2.1332
-0.8693
-0.4606
2.3124
-0.51
0.8746
0.9372
-0.1441
0.6405
1.5891
0.2258
0.5793
-1.3553
-1.0843
-0.0122
0.2927
2.1983
-1.2922
0.3422
-2.8294
-0.2968
0.4555
0.3791
0.1599
-1.1159
-0.2075
-0.0093
-0.7279
-0.2741
1.2297
-0.6791
0.1476
0.0737
-0.2432
0.9664
-0.6595
-0.2584
-0.8835
0.529
-0.2045
0.0912
1.4293
0.063
-0.0197
-1.113
0.6891
0.8441
-1.0303
-1.2004
0.1897
0.8699
-0.5903
0.4343
0.0044
0.2099
0.6781
0.3168
1.1625
-0.3895
-0.6804
1.1471
-1.3183
-0.6926
-1.6195
-0.6957
-0.365
1.3788
-0.3266
-0.9551
-3.2515
0.3587
0.4584
-0.5435
-0.1547
0.5501
-0.0252
0.6269
-0.1194
0.0251
-1.0554
-1.0932
1.184
-0.7909
0.3687
1.3074
0.2761
-1.7015
1.334
-0.4912
0.0605
-0.4661
-0.8728
0.5957
1.1507
-0.3359
0.1163
-0.8155
0.0203
-0.1521
0.6968
-0.2647
-0.4328
1.437
-0.8884
0.4785
1.5644
-0.5091
-0.4692
-0.8208
-0.3167
0.0087
0.1914
0.2221
-1.5316
0.4336
-1.3284
0.5028
0.0026
1.0546
-0.8969
-0.5012
-0.49
-1.6284
0.2735
-0.0041
-1.248
1.8259
0.7711
0.6497
0.8226
1.5861
-0.205
-0.7398
0.3415
0.99
0.1927
-0.0378
-2.397
2.2779
-1.8146
-0.0833
-2.3434
0.6597
-0.3852
-0.9017
0.1176
-1.4219
2.013
-1.0712
-1.3804
0.4469
-0.123
-0.2591
-2.2659
-0.1419
-0.7885
-0.6913
0.2107
-0.9944
-0.5871
0.4727
0.4773
0.9128
-0.0625
0.6834
1.1028
-1.5483
-2.4269
0.5051
1.8981
-0.1763
-0.7878
0.9876
1.7787
-0.1936
0.3864
1.6497
0.9046
0.0892
1.9498
-0.9224
-0.9574
0.4919
0.0961
-0.3075
0.2789
0.6451
0.9674
-0.286
0.2061
2.567
-0.0627
1.0373
-0.596
-0.0717
-0.2901
0.3223
0.6205
-1.5002
-0.03
0.548
-0.2668
-0.9212
-0.3026
-1.0675
-2.264
-1.2323
1.6553
-0.5736
-0.9075
0.2754
1.0597
0.1147
-0.0123
-0.0789
0.1415
0.6127
0.3338
0.7914
0.6922
1.0023
-1.3851
-0.5182
-0.06
-1.4836
0.9839
-0.1282
1.5365
1.4368
-0.5105
-1.0591
-2.5232
0.1095
0.8192
0.2712
0.5361
-0.4224
-0.6324
0.1122
-1.2493
-1.3265
-1.3439
-0.6204
-0.767
0.3603
2.0997
-0.4664
-0.7761
1.8772
-1.1179
0.1496
1.9521
-1.3223
-1.0112
1.0221
0.1075
2.0998
0.6673
0.1435
-0.6655
1.3747
0.2004
2.4869
-0.826
-1.6177
0.6164
-1.212
-1.3317
-0.48
-1.211
1.0615
0.2329
-0.1171
0.8112
-0.5901
-0.6387
0.7118
-1.1514
-1.39
0.2488
-0.1945
-0.0554
1.998
0.6773
0.4489
-0.3709
-0.9502
1.2056
-1.6039
0.3896
0.0644
-2.1864
-0.0417
-1.4232
0.1743
-1.1022
-0.257
-0.6953
0.3607
-3.7017
1.2692
0.7593
-0.0129
0.896
-1.4462
0.5213
0.8514
-0.393
1.2268
0.033
0.5283
0.393
-0.3264
0.3416
-1.9434
0.2772
-2.1859
-0.5382
-2.1063
1.4137
-1.1255
-1.4126
-0.425
0.4916
-0.8925
1.8512
-1.4538
1.1635
0.4858
0.7361
-1.3554
-0.4164
1.7547
-1.8765
-0.9478
0.0425
-1.6942
0.2112
0.014
-0.4466
1.478
0.2272
-2.2239
0.8171
-1.0674
-1.5716
-0.5449
0.275
2.0438
-0.6736
1.222
-0.6741
-0.1336
-0.7775
-1.2891
-0.4287
-0.4676
-0.6965
-0.1581
-0.0743
-2.0547
2.0122
-1.2877
-1.1781
-2.3929
0.2295
2.325
-1.268
-0.3832
-0.7642
0.0993
-0.5119
0.9848
0.4234
-1.5157
-0.3686
-0.6773
0.1868
0.1943
-0.6471
-1.2497
-1.3077
-1.9541
-1.0713
-1.4337
0.8937
2.111
0.7983
-0.0463
-0.3811
0.1419
0.4307
1.3141
-0.4952
0.3679
-0.164
-1.4947
-0.3342
-0.3176
0.0165
0.9957
-0.1616
-1.2114
0.0328
-1.1169
0.1572
1.0594
-0.7457
-0.2661
-1.3765
-0.3511
-0.1025
0.0304
0.7193
0.1239
1.5256
-0.2804
1.2614
-0.232
-1.1463
-1.0018
-2.1543
-0.426
1.1547
-1.913
-0.6472
0.1091
-0.9685
0.4115
1.1537
1.9072
0.3251
0.5
0.9762
-1.1258
-0.3453
1.5125
-0.019
0.1681
-2.0546
1.8339
0.1567
0.3155
0.2994
0.2238
-0.1256
-0.5497
-0.4693
0.6384
0.467
0.0423
-0.6199
0.8621
0.5034
-0.7191
-1.6511
1.5906
-0.7625
-0.9141
-1.6626
0.1902
0.6068
1.0498
0.8938
-0.6422
0.6314
0.0789
-1.1126
0.9624
-0.4979
0.628
0.1728
0.5102
1.1
-2.0451
-0.5466
-1.1838
-1.1782
-0.3128
-0.3039
-0.208
0.3715
0.7449
-0.0456
0.2687
1.2977
0.0015
-0.6363
-0.3921
0.2999
-0.6865
0.2642
-0.6887
1.2262
-0.0051
-1.8177
0.0029
3.6668
0.3539
-1.5528
-0.1581
-0.5003
-0.2745
-0.1018
1.1121
0.6747
0.2089
0.961
0.3758
-1.5841
-1.7934
1.1035
0.2785
-0.0462
0.254
-0.24
0.7908
0.3289
-0.23
0.7698
-1.5808
1.0778
0.3563
0.0268
0.2056
0.1938
0.8942
-1.0154
-0.7483
-0.9817
1.2293
-1.3529
-2.8337
0.5788
-0.2083
0.5159
-1.1346
-1.2008
0.3378
-0.0798
-2.2108
0.1819
0.8694
1.2192
-1.7127
-1.4266
1.3919
-0.242
-0.1983
-0.1092
1.0361
0.259
-0.068
0.4121
0.522
0.5574
-0.5749
-0.115
-1.1072
-0.1166
-0.9103
0.471
0.6755
-1.0877
-1.4138
0.1831
-0.714
1.4171
-0.411
1.9868
1.3071
-1.0142
1.5724
0.7708
0.2884
2.0232
0.1463
-2.1612
0.0923
1.2344
2.6853
0.4632
1.6758
1.2619
-1.3999
-0.6849
-1.3164
0.3582
-0.5621
0.3389
0.1061
0.8321
-0.2639
-1.7592
-0.3239
1.7058
0.7457
-0.3865
-1.4022
-0.5372
0.0284
0.2141
0.0189
0.6901
0.1677
-0.052
0.0129
-0.1507
0.6349
0.5794
-0.0739
-0.9898
0.2657
-1.085
0.025
-0.1419
2.0649
0.0693
0.2956
0.1087
0.362
1.0749
-0.7525
0.3595
-1.4223
0.3448
1.1884
0.1021
1.0754
1.1846
-0.9827
0.368
-1.2371
-0.956
-0.4098
0.361
-1.3969
0.1829
0.0589
-0.1935
0.9025
1.6612
0.0334
-1.2351
0.4495
0.7504
2.812
0.4141
2.7407
-0.031
-0.4799
0.2221
-0.6192
-0.8737
-0.2311
1.1351
0.1265
-0.2881
-0.3806
-1.1018
0.0399
-0.1434
1.1204
-1.0411
0.5125
-0.2289
0.0517
0.9615
-0.1158
-1.9074
-0.8859
1.1138
-0.4826
1.2698
0.8357
1.5757
-0.8102
-0.9376
0.822
0.3322
-0.3109
-0.8674
-0.9517
-0.5293
-0.0723
0.4402
0.9684
-0.346
-1.3715
0.6743
-0.0717
0.3347
-0.3656
0.5174
-1.8289
0.4355
1.8544
0.2149
-0.4644
-0.6421
1.7565
-0.6101
-1.5333
0.3269
-0.2985
0.7846
0.0342
-0.1452
-0.2239
0.1596
-0.0293
1.2819
2.1801
-0.5658
0.3388
-1.5522
-1.4308
-0.9527
1.0734
1.6737
0.722
-0.2826
-1.525
1.0327
0.3269
-0.7878
-0.916
0.4384
-1.1213
0.8497
0.3114
-0.3131
2.1122
-1.1235
1.6684
1.9554
1.0846
-1.2164
-0.4354
0.1693
-1.2351
-0.4614
-1.1506
0.4838
-0.4412
0.6493
-1.209
0.1725
1.7314
1.9909
-1.9914
1.0328
0.2238
0.8945
-0.2327
1.5328
0.7151
1.3393
-0.8435
-0.5768
2.1022
0.971
-0.4434
-1.3515
-0.1297
0.2461
-0.8106
-0.9999
0.0353
1.4119
0.1276
-0.7997
0.5532
1.1826
-0.8997
1.7686
0.6974
-1.1905
0.4355
1.0416
0.0824
0.1196
0.2919
0.5129
0.1687
-0.2154
-0.5459
0.5876
0.878
-0.0331
0.8055
0.3588
-0.9048
-2.2446
0.1634
-0.8863
-0.0684
-0.9425
-1.1127
0.2506
0.0349
0.6637
-1.3101
-0.4563
-0.3647
-0.7876
-0.7733
-0.7585
1.036
-0.8126
0.3087
-1.1325
0.7216
-0.6486
-0.9048
0.3702
1.6294
0.4139
0.8108
-0.516
0.7647
0.989
-0.1963
0.0468
-0.2252
1.8949
-0.1703
-1.5182
0.5276
-0.5258
-1.189
-0.352
-0.6504
-0.4962
1.0605
-0.3669
-1.1883
0.7101
-1.5356
2.0173
0.5929
1.8545
-1.5581
0.7782
-1.4421
-0.015
-0.0776
-1.0316
2.3433
0.0016
-0.2692
0.6757
-0.1192
-1.4362
-1.5094
0.2166
-1.1523
0.0703
0.9971
-0.2173
1.4804
-0.6902
-0.3451
0.2053
2.1786
-0.2355
-0.4444
-1.4453
0.2549
-0.6873
-0.7133
2.4258
-0.2243
0.8942
0.1438
0.2347
1.4574
-0.2621
-1.4266
-0.4863
0.2808
1.9505
1.3029
-1.0506
0.8917
-1.1172
0.832
-0.8622
-0.0272
0.6882
1.6402
0.6463
0.2631
0.7981
0.2934
0.809
-1.0011
0.6858
-1.2671
-0.2133
-0.2794
-2.0699
-0.7929
0.4024
-0.6172
-0.3261
0.8128
-1.3293
0.7595
0.6336
-0.1883
0.8884
-0.959
-0.5612
-0.1462
-0.0469
0.4466
-0.2561
-0.2592
0.2306
-0.5408
-1.2699
0.8743
-0.8114
0.7127
1.4078
0.0397
0.986
-0.2498
-0.4679
0.038
0.1763
-0.0586
-1.7019
-0.5644
1.854
0.274
-2.5842
2.5644
0.1142
-0.9364
0.4647
-0.2486
-0.2537
1.1853
-0.2574
0.7991
0.2433
0.7622
1.8027
-2.0643
0.5396
1.0003
0.6709
0.2
1.6882
0.0605
-0.4842
-1.4103
1.375
1.5336
0.3104
0.2979
0.156
1.0812
0.159
0.1783
0.3821
-0.5458
0.5436
-0.1156
-0.6526
-0.4812
-1.132
-0.3323
-0.8929
-0.5712
-0.2084
0.3467
-2.2768
0.2678
0.0157
-2.107
1.455
-0.5105
-0.2693
0.8552
-1.2296
0.9523
0.1482
-0.087
-0.3093
1.5222
0.155
0.1724
-0.6168
-1.0229
1.0323
0.475
0.3727
-0.8654
1.0037
0.1012
1.1738
0.5321
0.6761
0.036
-0.7309
-0.1237
-0.4276
-1.035
1.388
0.5179
-0.7937
0.0997
0.5176
1.6915
-0.3958
-1.1972
0.7828
1.8769
-0.7889
2.1952
-0.9646
-0.0972
-0.8687
1.565
-0.588
0.7295
0.8686
-1.9856
0.0724
2.46
0.0921
-1.3043
-0.5366
0.8962
0.224
1.0064
-0.3717
-0.5638
-0.7204
-1.9843
-0.273
-0.7314
0.9735
-0.6676
-0.8945
0.214
-0.6156
0.5354
-0.0087
1.1089
0.9263
0.3072
0.4884
-0.6815
-0.6091
-0.1061
0.615
0.4867
1.1111
1.4408
0.0266
-0.5371
-0.8815
0.542
0.279
-0.0302
-0.3487
-1.2795
-0.7781
-0.5283
-1.0769
-0.5749
0.6407
0.8123
-0.4561
0.446
-0.8272
-0.4043
1.1812
0.7585
-0.9427
-0.9336
-2.3489
0.1579
-0.7643
0.8674
-0.6465
0.9544
1.4472
0.8026
0.8791
0.8131
-0.0015
-1.6633
1.2233
0.5641
0.4171
-2.3384
0.295
-0.6146
-1.8661
-1.6634
-0.0787
0.2582
0.8111
0.8293
0.1539
0.8939
-1.6587
2.5749
0.2742
-0.2907
1.5724
-0.1756
-0.9507
-0.7385
0.3835
0.4956
1.4677
-0.2452
-0.3581
0.0817
1.6613
2.4538
1.2093
-0.2944
-0.6137
-2.3525
0.2792
0.7035
0.4504
0.1518
1.8043
-1.1253
-0.0131
-0.6355
1.2472
-1.3456
0.9653
-0.5604
0.7247
0.825
-0.2288
0.2065
-0.2459
-1.4431
1.2619
-0.2686
1.1751
0.7149
-1.1841
-1.2057
-0.6597
0.3856
1.3392
0.925
0.9209
1.1238
-0.6372
0.6486
0.641
-1.2454
0.0192
-1.8246
-0.3677
1.5729
-1.2564
-1.5804
0.8623
-0.0505
-0.9962
-0.3635
-0.3525
1.0379
-1.4009
-0.5067
0.3568
-0.282
0.5089
-1.2995
0.6303
1.4252
0.01
0.9637
-0.3763
-0.0222
2.1261
0.2355
-0.6839
0.2767
0.3558
0.1327
0.8245
0.1329
-1.8489
-1.2538
-1.087
-0.1011
1.2007
-1.6672
0.4763
-1.2004
-0.3999
1.3435
-0.3236
2.1746
1.7114
-1.5162
0.5806
-0.3186
0.4856
-0.0279
0.8445
-0.0218
1.0221
0.1993
-0.4157
-0.1855
0.8739
-0.3267
-0.1636
0.5908
2.1327
0.3623
-1.4984
0.4722
-0.3156
-0.3153
1.1116
1.1007
-0.1951
0.4563
-0.2066
0.2347
-0.0021
0.6748
0.1017
-0.4407
-0.2349
-0.4507
0.516
1.1251
2.2377
-0.2271
-0.2864
1.4765
2.0467
-0.0576
-0.5532
-0.0546
-0.703
-0.1641
-0.1717
-1.5122
-0.4419
0.8401
-0.6891
-0.4205
0.7535
0.3933
2.1322
0.7728
-0.3636
1.053
1.5837
-1.9577
-1.4803
0.1352
-2.8008
-0.7856
0.7358
-0.2445
0.4848
0.8475
-2.6395
-1.8676
0.4205
1.3905
-1.0699
-0.1033
-0.4926
-1.0484
-0.935
-0.7588
0.4008
-0.5563
1.0873
0.0057
0.8136
1.2063
0.9307
-1.6019
-0.2307
-0.9947
-1.3835
-0.1886
-0.0872
0.6188
1.8369
-0.7184
-0.7236
-0.8533
0.8045
-1.6158
0.759
-0.2345
0.1385
0.5822
0.2199
-0.1846
-0.3081
-1.5734
1.7975
-0.2576
-0.8569
-0.276
-0.3957
-0.6732
-1.4916
1.2629
0.5571
-1.5464
2.0861
-0.556
-2.9481
0.3315
0.4099
-0.5586
-0.1385
1.792
0.2141
-1.5077
0.7805
-0.9078
1.3048
-0.4803
0.8059
-0.7414
0.7291
0.8153
-0.9907
-0.339
1.9716
-0.299
0.0448
-0.0652
-2.069
0.6218
-0.0916
1.6401
0.1476
0.4372
1.8514
-1.4841
0.8667
-1.1201
-0.6242
0.6117
0.1388
0.7739
-0.5225
-0.0668
-0.9849
0.4067
-0.7543
-0.2455
1.426
0.0765
1.5667
0.7304
-0.5921
0.47
0.9335
-0.1423
-1.1604
0.3239
-0.1733
1.0074
0.4171
-0.1191
-1.5339
1.6883
-0.01
1.1837
0.301
0.1289
0.7426
0.1676
0.308
-0.6908
-1.3304
-1.1383
-0.6334
-0.2635
-0.8347
-1.2473
-2.1978
0.0143
0.4018
0.056
0.3793
1.168
0.4271
-0.2335
0.1243
0.8906
1.1116
-0.9746
0.48
-0.2293
0.2115
-1.7985
-0.9557
0.7382
1.2059
-0.4899
-0.3388
-0.8252
0.2205
0.7231
0.0346
-0.5382
-1.3325
-0.732
1.9
0.0223
0.5982
-0.9931
-0.0196
1.0897
-0.4754
-1.5942
-0.0941
0.7982
-0.4322
-0.0884
1.2107
-0.339
-1.8999
0.0682
0.7822
0.5625
-0.0815
-1.0876
0.0384
0.5304
-0.7188
0.5253
-0.2875
-1.1761
-1.1063
1.1714
-0.5737
-2.121
-0.1336
-0.3552
0.2434
-0.806
-0.3863
0.1668
0.3822
0.6556
-0.8273
0.8983
0.9224
-1.2109
-1.2361
-0.6297
-2.7025
-1.4092
-0.7024
0.7721
-1.1046
-1.3812
0.4493
-0.8184
0.1219
0.8717
-1.6838
0.839
0.8849
-0.4979
-0.1761
-0.4832
-0.1357
-1.5403
-1.3432
0.8372
0.47
0.6179
-2.5064
-1.0663
0.0654
-0.3578
0.1469
0.3283
-0.8149
0.8299
1.1149
0.3073
-0.6215
-1.0657
-0.4845
0.7931
0.4366
-0.429
0.4294
-0.6513
-1.7917
-1.0699
-1.4983
-0.1915
-0.5229
0.403
0.7488
-0.5966
-0.9476
-1.4468
-0.827
0.0699
0.3191
1.0676
0.3901
-0.5197
0.1407
0.0626
-1.6397
-0.5291
-0.5214
1.471
-0.0507
-1.0903
-0.7309
1.0965
0.3126
2.0031
-0.6459
0.7604
-0.1883
-0.5009
0.8505
1.9528
-1.1675
-0.0972
-0.5956
0.1675
0.0857
0.13
0.6752
0.2599
0.3258
-0.5635
-0.3772
-0.4714
0.6188
1.8697
0.7752
-0.808
-1.4802
-1.6187
0.8973
-1.491
-2.4575
-0.8515
-2.2151
1.115
-1.2543
0.3634
-0.1157
-0.7643
-0.1011
-0.3174
-0.7511
1.0218
-0.3799
0.7296
0.1355
0.1501
-0.2331
-0.4496
0.7442
0.8056
0.7255
1.0533
1.1794
-2.0162
-0.4507
1.257
0.187
-0.7268
0.919
0.5107
0.1094
0.284
-1.259
1.8014
-1.1646
0.4339
1.4258
1.3918
-1.1019
1.7809
-0.0258
-1.1946
0.7756
-0.0552
2.2916
-0.0196
-0.1253
1.9373
-0.1086
-0.3864
-1.3642
0.3031
0.9584
1.0823
-0.8885
0.5005
-0.5771
-0.7713
1.8151
-0.4362
-1.2692
-0.783
-0.9693
0.5207
-1.323
0.4107
1.7744
-0.525
-0.6511
0.2262
-0.6469
-1.2843
-1.6759
-0.7228
0.2086
-3.53
0.962
-0.0062
-1.4463
-0.4207
-0.1905
0.4528
0.8709
1.7722
-0.4966
-0.4753
0.7104
-1.1641
1.6758
0.709
0.8403
0.8147
1.893
1.5274
-0.2925
0.3575
1.4219
-0.3189
0.9723
0.9136
-0.6479
-0.7774
-0.4122
0.8311
-1.2692
-0.2816
2.1126
0.2267
0.7158
-1.5674
-2.6919
0.6973
0.6459
-0.7788
-0.1467
1.2413
0.2122
-0.215
0.3248
-0.1214
0.197
0.5353
1.9997
-0.1425
-0.9576
1.3306
-0.6661
0.7333
1.227
-0.8247
0.1302
-1.254
0.0459
-0.0559
0.4511
-0.1367
0.8238
1.7201
1.1477
0.4383
1.3815
1.3807
-0.5057
1.2528
-0.0218
0.4512
1.1737
-1.115
0.2511
-0.5336
0.9337
1.2708
0.7023
-1.5007
-0.2627
-0.8244
0.516
-0.0167
1.013
-0.8904
1.2916
1.314
-0.0814
-0.2856
-1.778
-0.4655
-0.5663
-0.4637
-2.4769
-0.2551
0.713
0.6764
-0.2254
0.5586
0.5805
0.7735
0.0769
-0.4605
-0.9676
0.3207
2.0011
-0.6605
1.3202
-0.3545
-2.729
0.7202
0.4307
0.8077
-0.8811
-1.1878
0.2874
1.0287
-0.4795
0.6515
1.423
-0.1873
0.832
1.7835
1.0755
0.1261
0.0188
0.0673
-0.4231
0.4713
0.6163
0.6586
-1.4271
-0.5188
-1.521
-1.3262
1.437
1.2934
0.7754
1.0663
-0.4899
1.4999
0.9527
0.741
1.0772
-0.0965
-0.6025
0.0497
0.4323
0.1201
1.2125
1.2845
-0.8807
1.1954
-0.1004
0.0128
0.4185
0.4859
2.6667
-1.6396
0.3109
1.536
-0.1384
-1.2553
0.2299
-0.0555
-0.8879
-1.3406
-1.9246
-0.2219
-0.7116
-0.1063
-2.3993
1.6207
-1.4137
-1.3906
-0.1295
-0.0804
-1.4142
0.6052
-0.4223
-1.1519
-0.3181
-1.2856
-0.524
-1.2587
0.0052
0.1445
0.6855
-0.8011
0.514
1.1337
-0.5276
-0.3517
0.3679
0.0613
-0.9539
0.2731
-1.6986
0.0782
-0.5779
1.0972
-0.2429
1.3921
-1.0043
-1.0445
-1.238
0.0185
0.0283
0.9409
0.0329
-0.3316
0.8034
-1.1504
-1.816
1.8467
-0.6731
-0.4254
-0.4304
-0.4946
-1.1154
-1.5208
0.3535
-1.4035
0.441
0.4486
1.5518
-1.3608
0.6135
-0.197
-0.2594
-0.5376
0.5173
-1.0188
-1.1835
1.4035
0.5384
0.04
0.4044
-0.4543
1.7604
0.6496
-0.1507
-1.1312
-1.723
-0.1311
1.0093
1.0695
-0.1131
-0.5248
-0.529
-2.2652
0.3143
-0.0027
-0.536
-0.7608
-0.7598
-0.5927
0.1113
-0.8955
-0.8172
-0.9331
-2.3563
1.127
0.1287
-0.6132
-0.5594
1.567
-0.5555
1.8279
0.3282
-0.7313
0.3554
-1.3167
0.2129
-0.0721
-0.1046
-0.4764
0.218
-1.4785
0.7822
0.6526
0.6153
1.4486
0.4322
-0.2292
1.1836
-0.0236
0.4908
-0.542
-1.5538
-1.5714
0.3117
1.1115
-0.6168
1.5496
1.7265
0.2588
0.3388
0.9064
-0.6476
0.0962
0.03
-1.2406
0.6863
-0.1056
-1.0237
1.3075
0.8513
0.7355
0.42
-2.1415
-0.8169
0.1588
0.3669
0.249
0.0471
-0.0689
-1.7393
0.5692
0.9243
0.7177
0.4321
-1.4535
0.0915
-0.2888
0.4132
-1.1174
-0.3644
0.6986
-0.1589
-2.7402
-1.3913
1.1018
-0.6735
-1.8334
-0.3677
-0.3238
0.3752
0.8388
0.6956
-0.1584
2.1586
-1.465