12.0449
8.75319
9.54781
7.86389
12.4353
8.28104
10.6899
10.2522
11.5399
8.70683
9.96584
11.1602
8.05774
11.8089
9.82043
11.2258
8.3337
3.46365
23.7939
12.0484
8.77313
9.46989
7.94315
12.3124
8.38127
10.6372
10.3187
11.521
8.72715
9.97002
11.1441
8.04189
11.808
9.83902
11.233
8.28053
3.54054
19.7833
12.0861
8.7576
9.46523
7.93649
12.4396
8.27303
10.6989
10.2311
11.549
8.72292
9.96203
11.1478
8.06181
11.7981
9.83711
11.2563
8.33435
3.45742
18.7797
12.0396
8.78262
9.51646
7.88348
12.4241
8.28017
10.6894
10.2531
11.5289
8.72028
9.96689
11.1544
8.06246
11.8122
9.82436
11.2517
9.33313
3.46066
16.8726
12.061
8.76176
9.5406
7.88417
12.4172
8.28278
10.5899
10.3438
11.5451
8.7006
9.96973
11.1607
8.03844
11.8297
9.82901
11.2641
10.3308
3.46101
14.8679
12.051
8.72954
9.57626
7.87086
12.4082
8.28799
10.6881
10.2484
11.5388
8.73139
9.96468
11.1347
8.04752
11.8222
9.8307
11.2624
9.77998
5.00956
12.8738
12.0313
8.77348
9.54807
7.8674
12.4251
8.2758
10.6944
10.2452
11.536
8.7254
9.95312
11.1559
8.07352
11.8035
9.81896
11.2638
12.3276
3.46216
10.8814
12.0693
8.74217
9.562
7.86591
12.4253
8.28394
10.6891
10.2501
11.5295
8.72002
9.95866
11.162
8.03085
11.8394
9.82784
10.2548
12.3382
3.46353
9.87634
12.0374
8.72205
9.5815
7.80875
12.4897
8.28606
10.6903
10.2532
11.5221
8.73018
9.96182
11.134
8.07701
11.8116
9.82181
10.2616
13.3342
3.46061
7.88743
12.0498
8.70477
9.59737
7.87315
12.4191
8.27926
10.7015
10.2528
11.5289
8.72247
9.96205
11.1473
8.06615
11.7989
9.83534
10.2567
15.3318
3.46074
4.8906
10.6038
10.88
11.602
7.8723
10.9387
9.20383
10.5843
7.74371
12.1506
10.484
10.6912
10.2962
8.63461
9.13481
9.58225
11.1526
10.5939
3.22096
26.3325
10.5035
10.8804
11.7189
7.84955
10.947
9.20154
10.5721
7.7561
12.1493
10.4856
10.5284
10.4612
8.94594
8.83012
9.58388
11.148
8.7593
3.21959
23.1631
10.5905
10.879
11.6127
7.87025
10.944
9.20381
10.5851
7.75507
12.1387
10.4832
10.6911
10.2879
8.95869
8.81336
9.58774
11.1567
7.75742
3.22927
21.1529
10.5979
10.8945
11.598
7.86604
10.932
9.22304
10.5721
7.76038
12.1407
10.4774
10.6939
9.97788
9.26201
8.83381
9.57559
11.1636
8.74379
3.23723
19.2646
10.5981
10.8966
11.5946
7.87169
10.9474
9.20082
10.563
7.77624
12.0562
10.5674
10.6922
10.2842
8.95816
8.82463
9.57423
10.1543
10.6427
3.21215
16.3998
10.6031
10.8836
11.6014
7.87103
10.9399
9.20837
10.5765
7.74614
12.1512
10.4813
10.7007
10.2838
8.95258
8.82661
9.57798
10.1575
10.7474
3.24265
15.2595
10.5475
10.9147
11.6259
7.86868
10.913
9.23563
10.5725
7.75314
12.0258
10.6017
10.6979
10.2921
8.94131
8.82425
9.58735
10.1422
12.7235
3.2317
12.3058
10.5966
10.8983
11.609
7.86353
10.9207
9.22835
10.5751
7.75439
12.1434
10.4813
10.6947
10.2841
8.95534
8.8241
9.58432
10.003
13.9272
3.21178
10.2619
10.6181
10.9428
11.631
7.84464
10.9534
9.19439
10.5699
7.77535
12.1404
10.3053
10.8734
10.2831
8.95467
8.82062
9.58463
8.96423
13.9733
3.21659
9.26166
10.5915
10.8957
11.6137
7.85947
10.9265
9.21844
10.5937
7.74059
12.1449
10.4694
10.6986
10.2818
8.96096
8.83101
9.57354
9.00167
14.9103
3.23975
7.27193
7.96211
9.49315
10.5348
9.62105
10.2189
10.204
10.3359
11.8181
8.71053
10.5296
7.63409
10.5485
9.53168
10.4604
12.5915
8.05394
9.99772
3.6473
24.8971
7.9435
9.51218
10.5345
9.62686
10.2139
10.197
10.3379
11.8161
8.70794
10.5191
7.62428
10.5631
9.53165
10.4605
12.595
8.05638
9.00175
3.63851
22.9159
7.95865
9.49832
10.5371
9.61934
10.2132
10.2114
10.3362
11.8138
8.71841
10.5207
7.61867
10.5488
9.53595
10.4678
12.5922
8.06474
8.00298
3.63338
20.9137
7.91731
9.52734
10.5395
9.61758
10.2097
10.2195
10.3273
11.8124
8.71427
10.5343
7.6069
10.5624
9.52745
10.4517
12.6179
8.04439
12.0218
3.63957
16.0077
7.93571
9.52286
10.5342
9.60716
10.2296
10.2079
10.3169
11.8266
8.7195
10.5201
7.62793
10.5444
9.52947
10.4686
12.5941
8.05471
12.0062
3.63543
15.0141
7.93509
9.50894
10.5397
9.6181
10.2137
10.2174
10.3048
11.8441
8.71828
10.52
7.6248
10.5479
9.54008
10.4206
12.6319
8.03436
11.5972
5.07152
13.0085
7.93172
9.52103
10.5354
9.61105
10.2227
10.2007
10.2904
11.8661
8.69891
10.5248
7.63963
10.5441
9.53568
10.4696
12.5942
7.04753
11.008
3.64002
14.0121
7.94762
9.51001
10.5302
9.62593
10.2189
10.1886
10.3478
11.8168
8.72398
10.5239
7.6302
10.5404
9.54112
10.4534
12.5848
7.06752
13.0073
3.64587
11.0187
7.94075
9.51991
10.5423
9.60391
10.2273
10.2029
10.3205
11.824
8.72237
10.5191
7.62829
10.5549
9.52259
10.4657
12.5825
6.04952
13.0396
3.63405
10.0178
7.95285
9.5049
10.5354
9.62532
10.2184
10.181
10.3588
11.8248
8.71358
10.511
7.63098
10.547
9.53524
10.4641
12.5886
6.06291
14.0037
3.64102
8.02544
7.92528
8.60336
10.6225
10.4322
12.5661
6.57719
10.8072
10.7927
8.6292
10.3242
12.7438
9.34426
7.4668
11.7812
8.48202
10.569
10.3009
4.34381
24.3749
7.91028
8.60274
10.6173
10.4419
12.5635
6.57729
10.806
10.6808
8.74928
10.3254
12.7452
9.34171
7.4565
11.8122
8.43905
10.5772
8.46358
4.38868
22.1783
7.916
8.59607
10.6059
10.4602
12.5507
6.56119
10.8382
10.7556
8.6429
10.3404
12.7362
9.34476
7.46632
11.7948
8.4513
10.5814
8.57953
4.27197
20.1816
7.92093
8.59044
10.6145
10.4377
12.5672
6.56953
10.8136
10.7839
8.62552
10.3514
12.7278
9.33166
7.47562
11.8076
8.43881
10.601
9.55504
4.27789
18.2906
7.90515
8.6095
10.6208
10.4468
12.5609
6.55251
10.8239
10.7813
8.62975
10.3431
12.7283
9.35237
7.46648
11.7777
8.47074
10.5857
12.4099
4.43422
14.288
7.92554
8.60025
10.6041
10.4463
12.5579
6.5699
10.839
10.7638
8.64512
10.3352
12.7282
9.34956
7.46688
11.8034
8.43635
10.5948
12.395
4.27173
13.4636
7.89783
8.60524
10.6145
10.4421
12.5638
6.55907
10.8348
10.7733
8.63754
10.3405
12.7283
9.34286
7.46859
11.802
8.45036
9.57396
13.4376
4.39001
11.3134
7.92697
8.59871
10.6041
10.4485
12.5443
6.56102
10.844
10.7689
8.63621
10.3432
12.7236
9.34659
7.45294
11.8251
8.44299
9.56957
14.5411
4.31377
9.29885
7.9111
8.60107
10.6156
10.4224
12.5654
6.58048
10.8042
10.7923
8.64575
10.3314
12.7294
9.35117
7.46309
11.8052
8.44183
9.57674
14.579
4.27691
8.28686
7.91824
8.60699
10.6038
10.4449
12.5578
6.57787
10.6933
10.9081
8.66049
10.3206
12.7294
9.34331
7.47095
11.7886
8.4506
8.47064
15.6848
4.28677
9.88866
10.2359
6.81528
11.6018
10.5523
9.73853
8.34554
9.9152
12.1407
8.50337
9.94706
9.51625
9.78969
9.41933
11.5014
9.99433
9.79395
4.02485
23.0031
9.89178
10.2371
6.81859
11.5979
10.5583
9.74281
8.32982
9.91795
12.1517
8.49431
9.95232
9.51676
9.79664
9.4051
11.5006
9.99269
8.79323
4.02341
21.0159
9.89796
10.2482
6.79398
11.6086
10.5504
9.74571
8.32296
9.9324
12.1402
8.48471
9.96239
9.52352
9.79613
9.39395
11.5016
9.99633
9.79135
4.0267
19.0182
9.90549
10.2467
6.78705
11.6131
10.5572
9.74274
8.31919
9.92289
12.1543
8.48643
9.95682
9.52318
9.78019
9.42459
11.5066
10.0024
11.708
4.02695
16.1893
9.88374
10.2498
6.80437
11.5994
10.5504
9.75061
8.32718
9.92781
12.146
8.4858
9.96016
9.51729
9.7787
9.42813
11.4831
10.0041
11.5311
4.03265
15.3744
9.89369
10.253
6.80035
11.5997
10.5541
9.7516
8.32587
9.91991
12.1431
8.49156
9.96116
9.51685
9.78447
9.41705
11.5015
9.99754
12.3294
4.47803
13.1258
9.90808
10.2405
6.77782
11.6153
10.5588
9.74888
8.31339
9.93389
12.1463
8.49553
9.96036
9.49986
9.78608
9.43636
11.48
10.0034
12.7569
4.02516
12.1588
9.88466
10.24
6.81143
11.5974
10.5514
9.74642
8.33189
9.92377
12.1406
8.49751
9.96101
9.51541
9.78789
9.40994
11.4963
10.0077
13.6479
4.02103
10.2711
9.92322
10.2416
6.80244
11.5966
10.5519
9.74041
8.33643
9.92077
12.1459
8.49398
9.94632
9.52581
9.78288
9.43101
11.4831
9.00695
14.7751
4.0333
8.13398
9.8846
10.2464
6.80702
11.6068
10.5707
9.71275
8.3496
9.92431
12.1299
8.49555
9.96087
9.52569
9.78893
9.40609
11.4876
9.00847
16.7899
4.02405
5.13163